  -13.00000      2.4013434E-04
  -12.99000      3.3082432E-04
  -12.98000      4.7570182E-04
  -12.97000      6.8608177E-04
  -12.96000      9.6637936E-04
  -12.95000      1.3132374E-03
  -12.94000      1.7156478E-03
  -12.93000      2.1517151E-03
  -12.92000      2.5879666E-03
  -12.91000      2.9853785E-03
  -12.90000      3.3044557E-03
  -12.89000      3.5079569E-03
  -12.88000      3.5676903E-03
  -12.87000      3.4700236E-03
  -12.86000      3.2198001E-03
  -12.85000      2.8415436E-03
  -12.84000      2.3749175E-03
  -12.83000      1.8686949E-03
  -12.82000      1.3763707E-03
  -12.81000      9.4900251E-04
  -12.80000      6.2147254E-04
  -12.79000      4.0835404E-04
  -12.78000      3.0710894E-04
  -12.77000      2.9714408E-04
  -12.76000      3.4500254E-04
  -12.75000      4.1319299E-04
  -12.74000      4.6831125E-04
  -12.73000      4.8806387E-04
  -12.72000      4.6491975E-04
  -12.71000      4.0628412E-04
  -12.70000      3.3005213E-04
  -12.69000      2.5837630E-04
  -12.68000      2.1184360E-04
  -12.67000      2.0306476E-04
  -12.66000      2.3260913E-04
  -12.65000      2.8991752E-04
  -12.64000      3.5699678E-04
  -12.63000      4.1420513E-04
  -12.62000      4.4631201E-04
  -12.61000      4.4615890E-04
  -12.60000      4.1687733E-04
  -12.59000      3.7047869E-04
  -12.58000      3.2343244E-04
  -12.57000      2.9110629E-04
  -12.56000      2.8227764E-04
  -12.55000      2.9660505E-04
  -12.54000      3.2623368E-04
  -12.53000      3.5969756E-04
  -12.52000      3.8786093E-04
  -12.51000      4.1057338E-04
  -12.50000      4.4072908E-04
  -12.49000      5.0521648E-04
  -12.48000      6.4061029E-04
  -12.47000      8.8477600E-04
  -12.46000      1.2653248E-03
  -12.45000      1.7896054E-03
  -12.44000      2.4422999E-03
  -12.43000      3.1789141E-03
  -12.42000      3.9270050E-03
  -12.41000      4.6035824E-03
  -12.40000      5.1329485E-03
  -12.39000      5.4546669E-03
  -12.38000      5.5310722E-03
  -12.37000      5.3586327E-03
  -12.36000      4.9672490E-03
  -12.35000      4.4122715E-03
  -12.34000      3.7610633E-03
  -12.33000      3.0818386E-03
  -12.32000      2.4366407E-03
  -12.31000      1.8684055E-03
  -12.30000      1.3971856E-03
  -12.29000      1.0258853E-03
  -12.28000      7.4677810E-04
  -12.27000      5.4518064E-04
  -12.26000      4.0453591E-04
  -12.25000      3.1137653E-04
  -12.24000      2.5586560E-04
  -12.23000      2.2992876E-04
  -12.22000      2.2571444E-04
  -12.21000      2.3421754E-04
  -12.20000      2.4459334E-04
  -12.19000      2.4608723E-04
  -12.18000      2.3123689E-04
  -12.17000      1.9810360E-04
  -12.16000      1.5160543E-04
  -12.15000      1.0265955E-04
  -12.14000      6.4987958E-05
  -12.13000      5.1105908E-05
  -12.12000      6.6941291E-05
  -12.11000      1.0911565E-04
  -12.10000      1.6579684E-04
  -12.09000      2.1885989E-04
  -12.08000      2.4971622E-04
  -12.07000      2.4640962E-04
  -12.06000      2.0822945E-04
  -12.05000      1.4732334E-04
  -12.04000      8.6164946E-05
  -12.03000      5.1406460E-05
  -12.02000      6.5058528E-05
  -12.01000      1.3617057E-04
  -12.00000      2.5675038E-04
  -11.99000      4.0074447E-04
  -11.98000      5.3026376E-04
  -11.97000      6.0782488E-04
  -11.96000      6.0694863E-04
  -11.95000      5.2281382E-04
  -11.94000      3.7912317E-04
  -11.93000      2.2356785E-04
  -11.92000      1.1835184E-04
  -11.91000      1.2579506E-04
  -11.90000      2.9033571E-04
  -11.89000      6.2556233E-04
  -11.88000      1.1030418E-03
  -11.87000      1.6579478E-03
  -11.86000      2.2032317E-03
  -11.85000      2.6423291E-03
  -11.84000      2.8924134E-03
  -11.83000      2.9063069E-03
  -11.82000      2.6811087E-03
  -11.81000      2.2594437E-03
  -11.80000      1.7174991E-03
  -11.79000      1.1513747E-03
  -11.78000      6.5830594E-04
  -11.77000      3.0790470E-04
  -11.76000      1.3208763E-04
  -11.75000      1.2669475E-04
  -11.74000      2.5011975E-04
  -11.73000      4.3867869E-04
  -11.72000      6.2568224E-04
  -11.71000      7.5557909E-04
  -11.70000      7.9648499E-04
  -11.69000      7.4409659E-04
  -11.68000      6.2014646E-04
  -11.67000      4.6156882E-04
  -11.66000      3.0764623E-04
  -11.65000      1.9139887E-04
  -11.64000      1.3016639E-04
  -11.63000      1.2260971E-04
  -11.62000      1.5317714E-04
  -11.61000      1.9829774E-04
  -11.60000      2.3512953E-04
  -11.59000      2.4765782E-04
  -11.58000      2.3077842E-04
  -11.57000      1.9079979E-04
  -11.56000      1.4082370E-04
  -11.55000      9.6181437E-05
  -11.54000      6.9136178E-05
  -11.53000      6.4582106E-05
  -11.52000      7.9685968E-05
  -11.51000      1.0573670E-04
  -11.50000      1.3191724E-04
  -11.49000      1.4885128E-04
  -11.48000      1.5217299E-04
  -11.47000      1.4380680E-04
  -11.46000      1.3026525E-04
  -11.45000      1.2075160E-04
  -11.44000      1.2342115E-04
  -11.43000      1.4221120E-04
  -11.42000      1.7609535E-04
  -11.41000      2.1931832E-04
  -11.40000      2.6346446E-04
  -11.39000      2.9957099E-04
  -11.38000      3.2095175E-04
  -11.37000      3.2563743E-04
  -11.36000      3.1505042E-04
  -11.35000      2.9345261E-04
  -11.34000      2.6669589E-04
  -11.33000      2.3952327E-04
  -11.32000      2.1467971E-04
  -11.31000      1.9270195E-04
  -11.30000      1.7295995E-04
  -11.29000      1.5480106E-04
  -11.28000      1.3841908E-04
  -11.27000      1.2562603E-04
  -11.26000      1.1927925E-04
  -11.25000      1.2244243E-04
  -11.24000      1.3650290E-04
  -11.23000      1.6010148E-04
  -11.22000      1.8977528E-04
  -11.21000      2.2034453E-04
  -11.20000      2.4691506E-04
  -11.19000      2.6660188E-04
  -11.18000      2.7976881E-04
  -11.17000      2.9107567E-04
  -11.16000      3.0709992E-04
  -11.15000      3.3417111E-04
  -11.14000      3.7618313E-04
  -11.13000      4.3155596E-04
  -11.12000      4.9304310E-04
  -11.11000      5.4891483E-04
  -11.10000      5.8570545E-04
  -11.09000      5.9224851E-04
  -11.08000      5.6362018E-04
  -11.07000      5.0369656E-04
  -11.06000      4.2417782E-04
  -11.05000      3.4241690E-04
  -11.04000      2.7764015E-04
  -11.03000      2.4363473E-04
  -11.02000      2.4546386E-04
  -11.01000      2.7885416E-04
  -11.00000      3.2960495E-04
  -10.99000      3.7822372E-04
  -10.98000      4.0610647E-04
  -10.97000      4.0110375E-04
  -10.96000      3.6251906E-04
  -10.95000      3.0157631E-04
  -10.94000      2.4002290E-04
  -10.93000      2.0478464E-04
  -10.92000      2.2077712E-04
  -10.91000      3.0472537E-04
  -10.90000      4.5911546E-04
  -10.89000      6.7234645E-04
  -10.88000      9.2092081E-04
  -10.87000      1.1744790E-03
  -10.86000      1.4038276E-03
  -10.85000      1.5836480E-03
  -10.84000      1.6996737E-03
  -10.83000      1.7531362E-03
  -10.82000      1.7540095E-03
  -10.81000      1.7181257E-03
  -10.80000      1.6660513E-03
  -10.79000      1.6154400E-03
  -10.78000      1.5775713E-03
  -10.77000      1.5578320E-03
  -10.76000      1.5561644E-03
  -10.75000      1.5699442E-03
  -10.74000      1.5951112E-03
  -10.73000      1.6255584E-03
  -10.72000      1.6585082E-03
  -10.71000      1.6936040E-03
  -10.70000      1.7260878E-03
  -10.69000      1.7506961E-03
  -10.68000      1.7635210E-03
  -10.67000      1.7586695E-03
  -10.66000      1.7330364E-03
  -10.65000      1.6852543E-03
  -10.64000      1.6175722E-03
  -10.63000      1.5401106E-03
  -10.62000      1.4619973E-03
  -10.61000      1.3910414E-03
  -10.60000      1.3346843E-03
  -10.59000      1.2942924E-03
  -10.58000      1.2668959E-03
  -10.57000      1.2456193E-03
  -10.56000      1.2231776E-03
  -10.55000      1.1970247E-03
  -10.54000      1.1683655E-03
  -10.53000      1.1462761E-03
  -10.52000      1.1436775E-03
  -10.51000      1.1720277E-03
  -10.50000      1.2422453E-03
  -10.49000      1.3559517E-03
  -10.48000      1.5024947E-03
  -10.47000      1.6608011E-03
  -10.46000      1.8030689E-03
  -10.45000      1.9025056E-03
  -10.44000      1.9348001E-03
  -10.43000      1.8883009E-03
  -10.42000      1.7679015E-03
  -10.41000      1.5910418E-03
  -10.40000      1.3890346E-03
  -10.39000      1.1987758E-03
  -10.38000      1.0560264E-03
  -10.37000      9.9476427E-04
  -10.36000      1.0383402E-03
  -10.35000      1.2046791E-03
  -10.34000      1.5054283E-03
  -10.33000      1.9431361E-03
  -10.32000      2.5177880E-03
  -10.31000      3.2191561E-03
  -10.30000      4.0283385E-03
  -10.29000      4.9172449E-03
  -10.28000      5.8363928E-03
  -10.27000      6.7259087E-03
  -10.26000      7.5213062E-03
  -10.25000      8.1544649E-03
  -10.24000      8.5697686E-03
  -10.23000      8.7336022E-03
  -10.22000      8.6515509E-03
  -10.21000      8.3682667E-03
  -10.20000      7.9426207E-03
  -10.19000      7.4472339E-03
  -10.18000      6.9617690E-03
  -10.17000      6.5448331E-03
  -10.16000      6.2223333E-03
  -10.15000      5.9846803E-03
  -10.14000      5.7896660E-03
  -10.13000      5.5807522E-03
  -10.12000      5.3001028E-03
  -10.11000      4.9014310E-03
  -10.10000      4.3755337E-03
  -10.09000      3.7446085E-03
  -10.08000      3.0530363E-03
  -10.07000      2.3685715E-03
  -10.06000      1.7572357E-03
  -10.05000      1.2628770E-03
  -10.04000      9.0698106E-04
  -10.03000      6.8256247E-04
  -10.02000      5.5887114E-04
  -10.01000      4.9531518E-04
  -10.00000      4.5311870E-04
  -9.990000      4.0701547E-04
  -9.980000      3.5066018E-04
  -9.970000      2.9406333E-04
  -9.960000      2.5598990E-04
  -9.950000      2.5330641E-04
  -9.940000      2.9175874E-04
  -9.930000      3.6147254E-04
  -9.920000      4.3914487E-04
  -9.910000      4.9614516E-04
  -9.900000      5.0954090E-04
  -9.890000      4.7209606E-04
  -9.880000      3.9698282E-04
  -9.870000      3.1504835E-04
  -9.860000      2.6482026E-04
  -9.850000      2.7843032E-04
  -9.840000      3.6808220E-04
  -9.830000      5.1856984E-04
  -9.820000      6.8893493E-04
  -9.810000      8.2463078E-04
  -9.800000      8.7727269E-04
  -9.790000      8.2578597E-04
  -9.780000      6.9232495E-04
  -9.770000      5.4641865E-04
  -9.760000      4.9409975E-04
  -9.750000      6.5326382E-04
  -9.740000      1.1197814E-03
  -9.730000      1.9345498E-03
  -9.720000      3.0611828E-03
  -9.710000      4.3798662E-03
  -9.700000      5.7038805E-03
  -9.690000      6.8160784E-03
  -9.680000      7.5141634E-03
  -9.670000      7.6577202E-03
  -9.660000      7.2049075E-03
  -9.650000      6.2251235E-03
  -9.640000      4.8868046E-03
  -9.630000      3.4224379E-03
  -9.620000      2.0760742E-03
  -9.610000      1.0515720E-03
  -9.600000      4.7034869E-04
  -9.590000      3.4917757E-04
  -9.580000      6.0487352E-04
  -9.570000      1.0824896E-03
  -9.560000      1.5983100E-03
  -9.550000      1.9874310E-03
  -9.540000      2.1425427E-03
  -9.530000      2.0337310E-03
  -9.520000      1.7071143E-03
  -9.510000      1.2628454E-03
  -9.500000      8.2173327E-04
  -9.490000      4.8821000E-04
  -9.480000      3.2289248E-04
  -9.470000      3.3019538E-04
  -9.460000      4.6316604E-04
  -9.450000      6.4351904E-04
  -9.440000      7.8921090E-04
  -9.430000      8.4000133E-04
  -9.420000      7.7461201E-04
  -9.410000      6.1407400E-04
  -9.400000      4.1140037E-04
  -9.390000      2.3179979E-04
  -9.380000      1.3067976E-04
  -9.370000      1.3588089E-04
  -9.360000      2.4024623E-04
  -9.350000      4.0574628E-04
  -9.340000      5.7743234E-04
  -9.330000      7.0218439E-04
  -9.320000      7.4563688E-04
  -9.310000      7.0189266E-04
  -9.300000      5.9359096E-04
  -9.290000      4.6229453E-04
  -9.280000      3.5369708E-04
  -9.270000      3.0203618E-04
  -9.260000      3.1955450E-04
  -9.250000      3.9475804E-04
  -9.240000      4.9895048E-04
  -9.230000      5.9889746E-04
  -9.220000      6.7082618E-04
  -9.210000      7.1007950E-04
  -9.200000      7.3399767E-04
  -9.190000      7.7532156E-04
  -9.180000      8.6932728E-04
  -9.170000      1.0389426E-03
  -9.160000      1.2830108E-03
  -9.150000      1.5723115E-03
  -9.140000      1.8546915E-03
  -9.130000      2.0687722E-03
  -9.120000      2.1617732E-03
  -9.110000      2.1057772E-03
  -9.100000      1.9068790E-03
  -9.090000      1.6042610E-03
  -9.080000      1.2592922E-03
  -9.070000      9.3785068E-04
  -9.060000      6.9205032E-04
  -9.050000      5.4633850E-04
  -9.040000      4.9275858E-04
  -9.030000      4.9711566E-04
  -9.020000      5.1332993E-04
  -9.010000      5.0156546E-04
  -9.000000      4.4340096E-04
  -8.990000      3.4881179E-04
  -8.980000      2.5285321E-04
  -8.970000      2.0246369E-04
  -8.960000      2.3825796E-04
  -8.950000      3.7781143E-04
  -8.940000      6.0551241E-04
  -8.930000      8.7477645E-04
  -8.920000      1.1205965E-03
  -8.910000      1.2797407E-03
  -8.900000      1.3119598E-03
  -8.890000      1.2140715E-03
  -8.880000      1.0230859E-03
  -8.870000      8.0513180E-04
  -8.860000      6.3435989E-04
  -8.850000      5.6803867E-04
  -8.840000      6.2667398E-04
  -8.830000      7.8557350E-04
  -8.820000      9.8257896E-04
  -8.810000      1.1396870E-03
  -8.800000      1.1918702E-03
  -8.790000      1.1142425E-03
  -8.780000      9.3673705E-04
  -8.770000      7.4073306E-04
  -8.760000      6.3683430E-04
  -8.750000      7.2850677E-04
  -8.740000      1.0742967E-03
  -8.730000      1.6591487E-03
  -8.720000      2.3871127E-03
  -8.710000      3.1004227E-03
  -8.700000      3.6205403E-03
  -8.690000      3.8013142E-03
  -8.680000      3.5797358E-03
  -8.670000      3.0061349E-03
  -8.660000      2.2439512E-03
  -8.650000      1.5355077E-03
  -8.640000      1.1396005E-03
  -8.630000      1.2585279E-03
  -8.620000      1.9747287E-03
  -8.610000      3.2158794E-03
  -8.600000      4.7602835E-03
  -8.590000      6.2835393E-03
  -8.580000      7.4378583E-03
  -8.570000      7.9435911E-03
  -8.560000      7.6638567E-03
  -8.550000      6.6447258E-03
  -8.540000      5.1078615E-03
  -8.530000      3.3930629E-03
  -8.520000      1.8723472E-03
  -8.510000      8.5178862E-04
  -8.500000      4.9044791E-04
  -8.490000      7.6272403E-04
  -8.480000      1.4726707E-03
  -8.470000      2.3162512E-03
  -8.460000      2.9752685E-03
  -8.450000      3.2134494E-03
  -8.440000      2.9477235E-03
  -8.430000      2.2742953E-03
  -8.420000      1.4364831E-03
  -8.410000      7.4730138E-04
  -8.400000      4.8848306E-04
  -8.390000      8.1512140E-04
  -8.380000      1.6990285E-03
  -8.370000      2.9260484E-03
  -8.360000      4.1536642E-03
  -8.350000      5.0165192E-03
  -8.340000      5.2437880E-03
  -8.330000      4.7559584E-03
  -8.320000      3.7108383E-03
  -8.310000      2.4766256E-03
  -8.300000      1.5382632E-03
  -8.290000      1.3553539E-03
  -8.280000      2.2153009E-03
  -8.270000      4.1226638E-03
  -8.260000      6.7574969E-03
  -8.250000      9.5321424E-03
  -8.240000      1.1730657E-02
  -8.230000      1.2705445E-02
  -8.220000      1.2079873E-02
  -8.210000      9.9052601E-03
  -8.200000      6.7205713E-03
  -8.190000      3.4997542E-03
  -8.180000      1.4761717E-03
  -8.170000      1.8816849E-03
  -8.160000      5.6700977E-03
  -8.150000      1.3259986E-02
  -8.140000      2.4388090E-02
  -8.130000      3.8101196E-02
  -8.120000      5.2869540E-02
  -8.110000      6.6849418E-02
  -8.100000      7.8204833E-02
  -8.090000      8.5439377E-02
  -8.080000      8.7640546E-02
  -8.070000      8.4636807E-02
  -8.060000      7.6992750E-02
  -8.050000      6.5892406E-02
  -8.040000      5.2900456E-02
  -8.030000      3.9664526E-02
  -8.020000      2.7634198E-02
  -8.010000      1.7859237E-02
  -8.000000      1.0864852E-02
  -7.990000      6.6489149E-03
  -7.980000      4.7904160E-03
  -7.970000      4.5886799E-03
  -7.960000      5.2600447E-03
  -7.950000      6.1021973E-03
  -7.940000      6.6108168E-03
  -7.930000      6.5325480E-03
  -7.920000      5.8529717E-03
  -7.910000      4.7350628E-03
  -7.900000      3.4335151E-03
  -7.890000      2.2070718E-03
  -7.880000      1.2493916E-03
  -7.870000      6.5411750E-04
  -7.860000      4.1256691E-04
  -7.850000      4.3695536E-04
  -7.840000      6.0048455E-04
  -7.830000      7.7736354E-04
  -7.820000      8.7486178E-04
  -7.810000      8.5022574E-04
  -7.800000      7.1073032E-04
  -7.790000      5.0182070E-04
  -7.780000      2.8782937E-04
  -7.770000      1.3193260E-04
  -7.760000      8.0388920E-05
  -7.750000      1.5296451E-04
  -7.740000      3.4063574E-04
  -7.730000      6.0931180E-04
  -7.720000      9.0760703E-04
  -7.710000      1.1767267E-03
  -7.700000      1.3620631E-03
  -7.690000      1.4242140E-03
  -7.680000      1.3493792E-03
  -7.670000      1.1569739E-03
  -7.660000      9.0274564E-04
  -7.650000      6.7638833E-04
  -7.640000      5.9072825E-04
  -7.630000      7.6374860E-04
  -7.620000      1.2961508E-03
  -7.610000      2.2461670E-03
  -7.600000      3.6092275E-03
  -7.590000      5.3077848E-03
  -7.580000      7.1924999E-03
  -7.570000      9.0588527E-03
  -7.560000      1.0679594E-02
  -7.550000      1.1842870E-02
  -7.540000      1.2387705E-02
  -7.530000      1.2238199E-02
  -7.520000      1.1416220E-02
  -7.510000      1.0039593E-02
  -7.500000      8.3015570E-03
  -7.490000      6.4337552E-03
  -7.480000      4.6639177E-03
  -7.470000      3.1771935E-03
  -7.460000      2.0886597E-03
  -7.450000      1.4298987E-03
  -7.440000      1.1557187E-03
  -7.430000      1.1633922E-03
  -7.420000      1.3217010E-03
  -7.410000      1.5034564E-03
  -7.400000      1.6113536E-03
  -7.390000      1.5926639E-03
  -7.380000      1.4427888E-03
  -7.370000      1.1959553E-03
  -7.360000      9.0910908E-04
  -7.350000      6.4270484E-04
  -7.340000      4.4374636E-04
  -7.330000      3.3549196E-04
  -7.320000      3.1518866E-04
  -7.310000      3.5893111E-04
  -7.300000      4.3167052E-04
  -7.290000      4.9822155E-04
  -7.280000      5.3269888E-04
  -7.270000      5.2383682E-04
  -7.260000      4.7523470E-04
  -7.250000      4.0143900E-04
  -7.240000      3.2154477E-04
  -7.230000      2.5256656E-04
  -7.220000      2.0470579E-04
  -7.210000      1.7944005E-04
  -7.200000      1.7063715E-04
  -7.190000      1.6806548E-04
  -7.180000      1.6168725E-04
  -7.170000      1.4544018E-04
  -7.160000      1.1933495E-04
  -7.150000      8.9388857E-05
  -7.140000      6.5752713E-05
  -7.130000      5.9500017E-05
  -7.120000      7.9383040E-05
  -7.110000      1.2930992E-04
  -7.100000      2.0717793E-04
  -7.090000      3.0534322E-04
  -7.080000      4.1234322E-04
  -7.070000      5.1516050E-04
  -7.060000      6.0196075E-04
  -7.050000      6.6409790E-04
  -7.040000      6.9729600E-04
  -7.030000      7.0203870E-04
  -7.020000      6.8311527E-04
  -7.010000      6.4843608E-04
  -7.000000      6.0781301E-04
  -6.990000      5.7142752E-04
  -6.980000      5.4843340E-04
  -6.970000      5.4593460E-04
  -6.960000      5.6823622E-04
  -6.950000      6.1640400E-04
  -6.940000      6.8826479E-04
  -6.930000      7.7903579E-04
  -6.920000      8.8211929E-04
  -6.910000      9.9002954E-04
  -6.900000      1.0954150E-03
  -6.890000      1.1916609E-03
  -6.880000      1.2732615E-03
  -6.870000      1.3359837E-03
  -6.860000      1.3764100E-03
  -6.850000      1.3915688E-03
  -6.840000      1.3790195E-03
  -6.830000      1.3370861E-03
  -6.820000      1.2654316E-03
  -6.810000      1.1656963E-03
  -6.800000      1.0421271E-03
  -6.790000      9.0165640E-04
  -6.780000      7.5349322E-04
  -6.770000      6.0793397E-04
  -6.760000      4.7484617E-04
  -6.750000      3.6189030E-04
  -6.740000      2.7362519E-04
  -6.730000      2.1108793E-04
  -6.720000      1.7233750E-04
  -6.710000      1.5375047E-04
  -6.700000      1.5156606E-04
  -6.690000      1.6303243E-04
  -6.680000      1.8686506E-04
  -6.670000      2.2281398E-04
  -6.660000      2.7022752E-04
  -6.650000      3.2670275E-04
  -6.640000      3.8692492E-04
  -6.630000      4.4256018E-04
  -6.620000      4.8375322E-04
  -6.610000      5.0145912E-04
  -6.600000      4.9052539E-04
  -6.590000      4.5172224E-04
  -6.580000      3.9262971E-04
  -6.570000      3.2636628E-04
  -6.560000      2.6845583E-04
  -6.550000      2.3298625E-04
  -6.540000      2.2891439E-04
  -6.530000      2.5835144E-04
  -6.520000      3.1770626E-04
  -6.510000      4.0161511E-04
  -6.500000      5.0832750E-04
  -6.490000      6.4501382E-04
  -6.480000      8.3017693E-04
  -6.470000      1.0920666E-03
  -6.460000      1.4613372E-03
  -6.450000      1.9602263E-03
  -6.440000      2.5905466E-03
  -6.430000      3.3240942E-03
  -6.420000      4.0994706E-03
  -6.410000      4.8267143E-03
  -6.400000      5.4020565E-03
  -6.390000      5.7291980E-03
  -6.380000      5.7424977E-03
  -6.370000      5.4253028E-03
  -6.360000      4.8176683E-03
  -6.350000      4.0142913E-03
  -6.340000      3.1443099E-03
  -6.330000      2.3457219E-03
  -6.320000      1.7340559E-03
  -6.310000      1.3767029E-03
  -6.300000      1.2807430E-03
  -6.290000      1.3949535E-03
  -6.280000      1.6285676E-03
  -6.270000      1.8797687E-03
  -6.260000      2.0669433E-03
  -6.250000      2.1526336E-03
  -6.240000      2.1529936E-03
  -6.230000      2.1294116E-03
  -6.220000      2.1656624E-03
  -6.210000      2.3349035E-03
  -6.200000      2.6696681E-03
  -6.190000      3.1443266E-03
  -6.180000      3.6759542E-03
  -6.170000      4.1459375E-03
  -6.160000      4.4352897E-03
  -6.150000      4.4633406E-03
  -6.140000      4.2178086E-03
  -6.130000      3.7658056E-03
  -6.120000      3.2366826E-03
  -6.110000      2.7859493E-03
  -6.100000      2.5466103E-03
  -6.090000      2.5842374E-03
  -6.080000      2.8792417E-03
  -6.070000      3.3380408E-03
  -6.060000      3.8429846E-03
  -6.050000      4.3273647E-03
  -6.040000      4.8558456E-03
  -6.030000      5.6876843E-03
  -6.020000      7.2905594E-03
  -6.010000      1.0297295E-02
  -6.000000      1.5399270E-02
  -5.990000      2.3187879E-02
  -5.980000      3.3987653E-02
  -5.970000      4.7713067E-02
  -5.960000      6.3765451E-02
  -5.950000      8.1063934E-02
  -5.940000      9.8135918E-02
  -5.930000      0.1133118    
  -5.920000      0.1249868    
  -5.910000      0.1318846    
  -5.900000      0.1332384    
  -5.890000      0.1289451    
  -5.880000      0.1195467    
  -5.870000      0.1061515    
  -5.860000      9.0232305E-02
  -5.850000      7.3387004E-02
  -5.840000      5.7100397E-02
  -5.830000      4.2553738E-02
  -5.820000      3.0493608E-02
  -5.810000      2.1200629E-02
  -5.800000      1.4558985E-02
  -5.790000      1.0169281E-02
  -5.780000      7.4761286E-03
  -5.770000      5.9112827E-03
  -5.760000      4.9901698E-03
  -5.750000      4.3639066E-03
  -5.740000      3.8262245E-03
  -5.730000      3.2901131E-03
  -5.720000      2.7450949E-03
  -5.710000      2.2158648E-03
  -5.700000      1.7341746E-03
  -5.690000      1.3224267E-03
  -5.680000      9.9415553E-04
  -5.670000      7.5713726E-04
  -5.660000      6.1616412E-04
  -5.650000      5.7219737E-04
  -5.640000      6.1594084E-04
  -5.630000      7.2238228E-04
  -5.620000      8.4966369E-04
  -5.610000      9.4714476E-04
  -5.600000      9.7113167E-04
  -5.590000      9.0365059E-04
  -5.580000      7.6603203E-04
  -5.570000      6.1960501E-04
  -5.560000      5.4945913E-04
  -5.550000      6.3383469E-04
  -5.540000      9.0882997E-04
  -5.530000      1.3426834E-03
  -5.520000      1.8313456E-03
  -5.510000      2.2249564E-03
  -5.500000      2.3838019E-03
  -5.490000      2.2490623E-03
  -5.480000      1.9070259E-03
  -5.470000      1.6224567E-03
  -5.460000      1.8202151E-03
  -5.450000      3.0094527E-03
  -5.440000      5.6594159E-03
  -5.430000      1.0048114E-02
  -5.420000      1.6137043E-02
  -5.410000      2.3499699E-02
  -5.400000      3.1329781E-02
  -5.390000      3.8555320E-02
  -5.380000      4.4036821E-02
  -5.370000      4.6799388E-02
  -5.360000      4.6255123E-02
  -5.350000      4.2359430E-02
  -5.340000      3.5657313E-02
  -5.330000      2.7192956E-02
  -5.320000      1.8315665E-02
  -5.310000      1.0400319E-02
  -5.300000      4.5671421E-03
  -5.290000      1.4558733E-03
  -5.280000      1.1107149E-03
  -5.270000      3.0125927E-03
  -5.260000      6.2262304E-03
  -5.250000      9.6440306E-03
  -5.240000      1.2258220E-02
  -5.230000      1.3387108E-02
  -5.220000      1.2803631E-02
  -5.210000      1.0747374E-02
  -5.200000      7.8130160E-03
  -5.190000      4.7601527E-03
  -5.180000      2.2974256E-03
  -5.170000      8.9718599E-04
  -5.160000      6.9286395E-04
  -5.150000      1.4792983E-03
  -5.140000      2.8048833E-03
  -5.130000      4.1252007E-03
  -5.120000      4.9690809E-03
  -5.110000      5.0681476E-03
  -5.100000      4.4171279E-03
  -5.090000      3.2495356E-03
  -5.080000      1.9449476E-03
  -5.070000      9.0119126E-04
  -5.060000      4.0933758E-04
  -5.050000      5.7186838E-04
  -5.040000      1.2835152E-03
  -5.030000      2.2779915E-03
  -5.020000      3.2221116E-03
  -5.010000      3.8220503E-03
  -5.000000      3.9112670E-03
  -4.990000      3.4916732E-03
  -4.980000      2.7203215E-03
  -4.970000      1.8484092E-03
  -4.960000      1.1348766E-03
  -4.950000      7.6352787E-04
  -4.940000      7.9120591E-04
  -4.930000      1.1417260E-03
  -4.920000      1.6422551E-03
  -4.910000      2.0901882E-03
  -4.900000      2.3236505E-03
  -4.890000      2.2743267E-03
  -4.880000      1.9842770E-03
  -4.870000      1.5828606E-03
  -4.860000      1.2346539E-03
  -4.850000      1.0776795E-03
  -4.840000      1.1727080E-03
  -4.830000      1.4837201E-03
  -4.820000      1.8920864E-03
  -4.810000      2.2412257E-03
  -4.800000      2.3948408E-03
  -4.790000      2.2858072E-03
  -4.780000      1.9408074E-03
  -4.770000      1.4705260E-03
  -4.760000      1.0292473E-03
  -4.750000      7.6017343E-04
  -4.740000      7.4398256E-04
  -4.730000      9.7135280E-04
  -4.720000      1.3469204E-03
  -4.710000      1.7274694E-03
  -4.700000      1.9769196E-03
  -4.690000      2.0203863E-03
  -4.680000      1.8761714E-03
  -4.670000      1.6532278E-03
  -4.660000      1.5142601E-03
  -4.650000      1.6149844E-03
  -4.640000      2.0413774E-03
  -4.630000      2.7681643E-03
  -4.620000      3.6550085E-03
  -4.610000      4.4843163E-03
  -4.600000      5.0289128E-03
  -4.590000      5.1309750E-03
  -4.580000      4.7605252E-03
  -4.570000      4.0349853E-03
  -4.560000      3.1901656E-03
  -4.550000      2.5055672E-03
  -4.540000      2.2125584E-03
  -4.530000      2.4128752E-03
  -4.520000      3.0344224E-03
  -4.510000      3.8487478E-03
  -4.500000      4.5430185E-03
  -4.490000      4.8295306E-03
  -4.480000      4.5592217E-03
  -4.470000      3.7963386E-03
  -4.460000      2.8327324E-03
  -4.450000      2.1218034E-03
  -4.440000      2.1543091E-03
  -4.430000      3.3051448E-03
  -4.420000      5.6970189E-03
  -4.410000      9.1271037E-03
  -4.400000      1.3084355E-02
  -4.390000      1.6854828E-02
  -4.380000      1.9692760E-02
  -4.370000      2.1013718E-02
  -4.360000      2.0546606E-02
  -4.350000      1.8411113E-02
  -4.340000      1.5091520E-02
  -4.330000      1.1303206E-02
  -4.320000      7.8061102E-03
  -4.310000      5.2095596E-03
  -4.300000      3.8223895E-03
  -4.290000      3.5982940E-03
  -4.280000      4.1814004E-03
  -4.270000      5.0434722E-03
  -4.260000      5.6624846E-03
  -4.250000      5.6915726E-03
  -4.240000      5.0591510E-03
  -4.230000      3.9768922E-03
  -4.220000      2.8493074E-03
  -4.210000      2.1213633E-03
  -4.200000      2.1108587E-03
  -4.190000      2.8853870E-03
  -4.180000      4.2268601E-03
  -4.170000      5.6976220E-03
  -4.160000      6.7842770E-03
  -4.150000      7.0841191E-03
  -4.140000      6.4561432E-03
  -4.130000      5.0990302E-03
  -4.120000      3.5130980E-03
  -4.110000      2.3577141E-03
  -4.100000      2.2445715E-03
  -4.090000      3.5253058E-03
  -4.080000      6.1513246E-03
  -4.070000      9.6540134E-03
  -4.060000      1.3256106E-02
  -4.050000      1.6104421E-02
  -4.040000      1.7535890E-02
  -4.030000      1.7313082E-02
  -4.020000      1.5753718E-02
  -4.010000      1.3681818E-02
  -4.000000      1.2221366E-02
  -3.990000      1.2475090E-02
  -3.980000      1.5165706E-02
  -3.970000      2.0364840E-02
  -3.960000      2.7383689E-02
  -3.950000      3.4864742E-02
  -3.940000      4.1097611E-02
  -3.930000      4.4484716E-02
  -3.920000      4.4005524E-02
  -3.910000      3.9603252E-02
  -3.900000      3.2348249E-02
  -3.890000      2.4323106E-02
  -3.880000      1.8267822E-02
  -3.870000      1.6977500E-02
  -3.860000      2.2663848E-02
  -3.850000      3.6397472E-02
  -3.840000      5.7748474E-02
  -3.830000      8.4750243E-02
  -3.820000      0.1141771    
  -3.810000      0.1421006    
  -3.800000      0.1646205    
  -3.790000      0.1786085    
  -3.780000      0.1822546    
  -3.770000      0.1754187    
  -3.760000      0.1596107    
  -3.750000      0.1376755    
  -3.740000      0.1132579    
  -3.730000      9.0121999E-02
  -3.720000      7.1440861E-02
  -3.710000      5.9282184E-02
  -3.700000      5.4382376E-02
  -3.690000      5.6055613E-02
  -3.680000      6.2514521E-02
  -3.670000      7.1262926E-02
  -3.660000      7.9623573E-02
  -3.650000      8.5268617E-02
  -3.640000      8.6620994E-02
  -3.630000      8.3069235E-02
  -3.620000      7.4964300E-02
  -3.610000      6.3474193E-02
  -3.600000      5.0250795E-02
  -3.590000      3.7084155E-02
  -3.580000      2.5538445E-02
  -3.570000      1.6678421E-02
  -3.560000      1.0927941E-02
  -3.550000      8.0836173E-03
  -3.540000      7.4561629E-03
  -3.530000      8.0934521E-03
  -3.520000      9.0303514E-03
  -3.510000      9.5132403E-03
  -3.500000      9.1350349E-03
  -3.490000      7.8783752E-03
  -3.480000      6.0421503E-03
  -3.470000      4.1047903E-03
  -3.460000      2.5492155E-03
  -3.450000      1.7133860E-03
  -3.440000      1.6999176E-03
  -3.430000      2.3628355E-03
  -3.420000      3.3772932E-03
  -3.410000      4.3560043E-03
  -3.400000      4.9814139E-03
  -3.390000      5.1065949E-03
  -3.380000      4.7928807E-03
  -3.370000      4.2768358E-03
  -3.360000      3.8762693E-03
  -3.350000      3.8698879E-03
  -3.340000      4.3901596E-03
  -3.330000      5.3661778E-03
  -3.320000      6.5390193E-03
  -3.310000      7.5472500E-03
  -3.300000      8.0512445E-03
  -3.290000      7.8625977E-03
  -3.280000      7.0262058E-03
  -3.270000      5.8317971E-03
  -3.260000      4.7402810E-03
  -3.250000      4.2456072E-03
  -3.240000      4.7125435E-03
  -3.230000      6.2397770E-03
  -3.220000      8.6043989E-03
  -3.210000      1.1297580E-02
  -3.200000      1.3655528E-02
  -3.190000      1.5048578E-02
  -3.180000      1.5073464E-02
  -3.170000      1.3688927E-02
  -3.160000      1.1246697E-02
  -3.150000      8.4126061E-03
  -3.140000      5.9791156E-03
  -3.130000      4.6403175E-03
  -3.120000      4.7852793E-03
  -3.110000      6.3781627E-03
  -3.100000      8.9551965E-03
  -3.090000      1.1757664E-02
  -3.080000      1.3947120E-02
  -3.070000      1.4853027E-02
  -3.060000      1.4174431E-02
  -3.050000      1.2072588E-02
  -3.040000      9.1239624E-03
  -3.030000      6.1489879E-03
  -3.020000      3.9656796E-03
  -3.010000      3.1471406E-03
  -3.000000      3.8482393E-03
  -2.990000      5.7628965E-03
  -2.980000      8.2162051E-03
  -2.970000      1.0375744E-02
  -2.960000      1.1508243E-02
  -2.950000      1.1207078E-02
  -2.940000      9.5165214E-03
  -2.930000      6.9169491E-03
  -2.920000      4.1787322E-03
  -2.910000      2.1226301E-03
  -2.900000      1.3680893E-03
  -2.890000      2.1406522E-03
  -2.880000      4.2056246E-03
  -2.870000      6.9416207E-03
  -2.860000      9.5353471E-03
  -2.850000      1.1233588E-02
  -2.840000      1.1578944E-02
  -2.830000      1.0546885E-02
  -2.820000      8.5519971E-03
  -2.810000      6.3163359E-03
  -2.800000      4.6462412E-03
  -2.790000      4.1823606E-03
  -2.780000      5.2009928E-03
  -2.770000      7.5359792E-03
  -2.760000      1.0629756E-02
  -2.750000      1.3703563E-02
  -2.740000      1.5991304E-02
  -2.730000      1.6953653E-02
  -2.720000      1.6428037E-02
  -2.710000      1.4647233E-02
  -2.700000      1.2142657E-02
  -2.690000      9.5626898E-03
  -2.680000      7.4763224E-03
  -2.670000      6.2125386E-03
  -2.660000      5.7961913E-03
  -2.650000      5.9909308E-03
  -2.640000      6.4172233E-03
  -2.630000      6.7146970E-03
  -2.620000      6.6759344E-03
  -2.610000      6.3054478E-03
  -2.600000      5.7923980E-03
  -2.590000      5.4068663E-03
  -2.580000      5.3633503E-03
  -2.570000      5.7103760E-03
  -2.560000      6.2890309E-03
  -2.550000      6.7862435E-03
  -2.540000      6.8610795E-03
  -2.530000      6.2988913E-03
  -2.520000      5.1369350E-03
  -2.510000      3.6976563E-03
  -2.500000      2.5166119E-03
  -2.490000      2.1707772E-03
  -2.480000      3.0644590E-03
  -2.470000      5.2545439E-03
  -2.460000      8.3725173E-03
  -2.450000      1.1700309E-02
  -2.440000      1.4365938E-02
  -2.430000      1.5626552E-02
  -2.420000      1.5137127E-02
  -2.410000      1.3107741E-02
  -2.400000      1.0282202E-02
  -2.390000      7.7263825E-03
  -2.380000      6.4803809E-03
  -2.370000      7.1928967E-03
  -2.360000      9.8536024E-03
  -2.350000      1.3729775E-02
  -2.340000      1.7553510E-02
  -2.330000      1.9937005E-02
  -2.320000      1.9893084E-02
  -2.310000      1.7290749E-02
  -2.300000      1.3089126E-02
  -2.290000      9.2307003E-03
  -2.280000      8.2087908E-03
  -2.270000      1.2375752E-02
  -2.260000      2.3172330E-02
  -2.250000      4.0530577E-02
  -2.240000      6.2633753E-02
  -2.230000      8.6177766E-02
  -2.220000      0.1070281    
  -2.210000      0.1211628    
  -2.200000      0.1257015    
  -2.190000      0.1196447    
  -2.180000      0.1042645    
  -2.170000      8.2790375E-02
  -2.160000      5.9609633E-02
  -2.150000      3.9127521E-02
  -2.140000      2.4707770E-02
  -2.130000      1.7860083E-02
  -2.120000      1.7989138E-02
  -2.110000      2.2723002E-02
  -2.100000      2.8726252E-02
  -2.090000      3.2788433E-02
  -2.080000      3.2806922E-02
  -2.070000      2.8374705E-02
  -2.060000      2.0814881E-02
  -2.050000      1.2645583E-02
  -2.040000      6.6571245E-03
  -2.030000      4.8968638E-03
  -2.020000      7.9033989E-03
  -2.010000      1.4483918E-02
  -2.000000      2.2093741E-02
  -1.990000      2.7724935E-02
  -1.980000      2.9010758E-02
  -1.970000      2.5181662E-02
  -1.960000      1.7535593E-02
  -1.950000      9.1575058E-03
  -1.940000      3.9441586E-03
  -1.930000      5.2668802E-03
  -1.920000      1.4656618E-02
  -1.910000      3.0968523E-02
  -1.900000      5.0366089E-02
  -1.890000      6.7275248E-02
  -1.880000      7.6157771E-02
  -1.870000      7.3525548E-02
  -1.860000      5.9481833E-02
  -1.850000      3.8332414E-02
  -1.840000      1.7993934E-02
  -1.830000      8.0185672E-03
  -1.820000      1.6706908E-02
  -1.810000      4.8072677E-02
  -1.800000      9.9677578E-02
  -1.790000      0.1621897    
  -1.780000      0.2209328    
  -1.770000      0.2592925    
  -1.760000      0.2635594    
  -1.750000      0.2284358    
  -1.740000      0.1612627    
  -1.730000      8.3045535E-02
  -1.720000      2.6578948E-02
  -1.710000      3.1379949E-02
  -1.700000      0.1364368    
  -1.690000      0.3701541    
  -1.680000      0.7424356    
  -1.670000       1.254269    
  -1.660000       1.918379    
  -1.650000       2.742145    
  -1.640000       3.490620    
  -1.630000       3.788887    
  -1.620000       3.977400    
  -1.610000       4.298115    
  -1.600000       4.325206    
  -1.590000       3.762744    
  -1.580000       3.139953    
  -1.570000       2.546445    
  -1.560000       1.919785    
  -1.550000       1.346759    
  -1.540000      0.8804660    
  -1.530000      0.5291341    
  -1.520000      0.2642063    
  -1.510000      9.1908723E-02
  -1.500000      2.5236329E-02
  -1.490000      2.8382288E-02
  -1.480000      8.4963456E-02
  -1.470000      0.1804886    
  -1.460000      0.2111864    
  -1.450000      0.1883421    
  -1.440000      0.1383700    
  -1.430000      9.2642710E-02
  -1.420000      7.0022143E-02
  -1.410000      5.3990599E-02
  -1.400000      3.3740968E-02
  -1.390000      1.9333636E-02
  -1.380000      1.8707518E-02
  -1.370000      2.2521716E-02
  -1.360000      2.5691131E-02
  -1.350000      3.0331267E-02
  -1.340000      4.1712888E-02
  -1.330000      6.3573807E-02
  -1.320000      8.4122546E-02
  -1.310000      7.3634595E-02
  -1.300000      3.9415009E-02
  -1.290000      1.6882822E-02
  -1.280000      1.9975334E-02
  -1.270000      2.8976703E-02
  -1.260000      2.3551088E-02
  -1.250000      2.1896275E-02
  -1.240000      2.4480814E-02
  -1.230000      4.0225405E-02
  -1.220000      9.9416964E-02
  -1.210000      0.2182933    
  -1.200000      0.2222058    
  -1.190000      7.7022322E-02
  -1.180000      3.5617426E-02
  -1.170000      5.6767579E-02
  -1.160000      6.0849134E-02
  -1.150000      4.1980837E-02
  -1.140000      3.2268111E-02
  -1.130000      4.1625701E-02
  -1.120000      3.8491722E-02
  -1.110000      3.8805403E-02
  -1.100000      2.7131516E-02
  -1.090000      1.1071457E-02
  -1.080000      6.3394913E-03
  -1.070000      1.0062244E-02
  -1.060000      1.0317213E-02
  -1.050000      3.9244853E-03
  -1.040000      1.3388610E-03
  -1.030000      7.6242029E-03
  -1.020000      9.7495519E-02
  -1.010000      0.1365003    
  -1.000000      3.7800588E-02
 -0.9900000      2.3534600E-02
 -0.9800000      1.9288640E-02
 -0.9700000      8.5734380E-03
 -0.9600000      4.2954446E-03
 -0.9500000      5.6197653E-03
 -0.9400000      2.2901302E-02
 -0.9300000      5.8171537E-02
 -0.9200000      2.2144238E-02
 -0.9100000      2.8047343E-03
 -0.9000000      1.6887669E-03
 -0.8900000      3.0961037E-03
 -0.8800000      5.5461978E-03
 -0.8700000      4.3478951E-02
 -0.8600000      6.6602163E-02
 -0.8500000      1.3605165E-02
 -0.8400000      4.1771159E-03
 -0.8300000      2.3473557E-03
 -0.8200000      1.4375333E-03
 -0.8100000      7.4278709E-04
 -0.8000000      4.1123439E-04
 -0.7900000      2.7199360E-04
 -0.7800000      2.3226795E-04
 -0.7700000      2.3425845E-04
 -0.7600000      3.8624782E-04
 -0.7500000      1.5181385E-03
 -0.7400000      2.2217389E-03
 -0.7300000      3.7790830E-03
 -0.7200000      3.4362650E-03
 -0.7100000      1.1012496E-03
 -0.7000000      1.8060077E-03
 -0.6900000      1.7885615E-03
 -0.6800000      1.4165912E-03
 -0.6700000      1.3769217E-03
 -0.6600000      9.1645238E-04
 -0.6500000      1.0117271E-03
 -0.6400000      9.1523805E-04
 -0.6300000      4.2779499E-04
 -0.6200000      1.4437833E-04
 -0.6100000      3.3493387E-04
 -0.6000000      4.0784315E-04
 -0.5900000      2.0360845E-04
 -0.5800000      4.2689568E-04
 -0.5700000      1.1481983E-03
 -0.5600000      1.5255132E-03
 -0.5500000      4.4218524E-04
 -0.5400000      2.7431009E-04
 -0.5300000      3.4736723E-03
 -0.5200000      9.5556043E-03
 -0.5100000      2.4116936E-03
 -0.5000000      9.2367663E-05
 -0.4900000      3.4313449E-05
 -0.4800000      1.1901085E-04
 -0.4700000      3.3521591E-04
 -0.4600000      9.4510772E-04
 -0.4500000      7.9961255E-04
 -0.4400000      2.0239985E-04
 -0.4300000      1.8760285E-04
 -0.4200000      2.7732350E-04
 -0.4100000      3.7920446E-04
 -0.4000000      4.5738902E-04
 -0.3900000      5.5278704E-04
 -0.3800000      1.6979376E-03
 -0.3700000      8.1799226E-03
 -0.3600000      5.2018412E-03
 -0.3500000      1.4975949E-03
 -0.3400000      1.4045340E-03
 -0.3300000      2.0058679E-03
 -0.3200000      9.8951459E-03
 -0.3100000      2.5964072E-02
 -0.3000000      2.5781637E-02
 -0.2900000      1.9657506E-02
 -0.2800000      7.1805276E-02
 -0.2700000      5.8830380E-02
 -0.2600000      1.2465972E-02
 -0.2500000      1.3606426E-02
 -0.2400000      2.0671053E-02
 -0.2300000      3.1608734E-02
 -0.2200000      1.2910789E-02
 -0.2100000      3.3749861E-03
 -0.2000000      2.0498291E-03
 -0.1900000      2.6345954E-03
 -0.1800000      3.2347911E-03
 -0.1700000      5.6912131E-03
 -0.1600000      3.2627108E-03
 -0.1500000      1.1678092E-03
 -0.1400000      7.4908067E-04
 -0.1300000      1.2532833E-03
 -0.1200000      9.1061285E-03
 -0.1100000      1.1386914E-02
 -0.1000000      3.6929024E-03
 -9.0000004E-02  3.6791544E-03
 -7.9999998E-02  1.6151852E-03
 -7.0000000E-02  4.9380083E-03
 -5.9999999E-02  4.8172786E-03
 -5.0000001E-02  1.6577946E-03
 -3.9999999E-02  1.6154547E-03
 -2.9999999E-02  1.9778488E-03
 -2.0000000E-02  1.9883832E-03
 -9.9999998E-03  1.3960924E-03
  0.0000000E+00  1.7728793E-03
  9.9999998E-03  9.1339601E-03
  2.0000000E-02  2.4045624E-02
  2.9999999E-02  1.2544173E-02
  3.9999999E-02  3.5051801E-03
  5.0000001E-02  1.5987121E-03
  5.9999999E-02  2.8757574E-03
  7.0000000E-02  8.6171543E-03
  7.9999998E-02  1.1365761E-02
  9.0000004E-02  4.6773735E-03
  0.1000000      1.1834924E-03
  0.1100000      2.2916454E-03
  0.1200000      2.7027803E-03
  0.1300000      1.7279921E-03
  0.1400000      5.3515951E-03
  0.1500000      1.3976422E-02
  0.1600000      5.3728810E-03
  0.1700000      4.4550002E-03
  0.1800000      6.0746050E-03
  0.1900000      4.5102923E-03
  0.2000000      8.1122564E-03
  0.2100000      2.6320461E-02
  0.2200000      2.8236585E-02
  0.2300000      7.1381912E-02
  0.2400000      0.1037569    
  0.2500000      3.4463990E-02
  0.2600000      8.8716440E-02
  0.2700000      0.1376789    
  0.2800000      3.5801139E-02
  0.2900000      3.6183331E-02
  0.3000000      6.1142828E-02
  0.3100000      2.9128760E-02
  0.3200000      0.1352988    
  0.3300000      0.5349393    
  0.3400000      0.6563691    
  0.3500000      0.5424574    
  0.3600000      0.5298370    
  0.3700000      0.6492023    
  0.3800000       2.442146    
  0.3900000       1.147820    
  0.4000000      0.1181823    
  0.4100000      0.2372386    
  0.4200000      0.4025823    
  0.4300000      8.9994200E-02
  0.4400000      2.4108693E-02
  0.4500000      3.2317352E-02
  0.4600000      3.7385296E-02
  0.4700000      4.6596121E-02
  0.4800000      6.3063413E-02
  0.4900000      5.5900671E-02
  0.5000000      5.5860251E-02
  0.5100000      0.1186132    
  0.5200000      0.4472023    
  0.5300000      0.2849399    
  0.5400000      4.1535903E-02
  0.5500000      0.1376362    
  0.5600000       1.708421    
  0.5700000       2.342257    
  0.5800000      0.3059992    
  0.5900000     -2.3084544E-04
  0.6000000      3.5940390E-03
  0.6100000      3.8260776E-03
  0.6200000      5.0708191E-03
  0.6300000      0.1963166    
  0.6400000       1.021649    
  0.6500000      0.5391039    
  0.6600000      0.1756442    
  0.6700000      6.4852253E-02
  0.6800000      4.4959407E-02
  0.6900000      3.9959755E-02
  0.7000000      2.6279276E-02
  0.7100000      2.3708103E-02
  0.7200000      3.6792886E-02
  0.7300000      7.5811356E-02
  0.7400000      0.1019530    
  0.7500000      1.4017326E-02
  0.7600000      8.3151477E-04
  0.7700000      1.1333745E-03
  0.7800000      3.9837407E-03
  0.7900000      8.3473874E-03
  0.8000000      8.0408268E-03
  0.8100000      6.9940588E-03
  0.8200000      3.5307736E-03
  0.8300000      2.3907237E-03
  0.8400000      9.5374044E-04
  0.8500000      5.3142151E-04
  0.8600000      9.7662944E-04
  0.8700000      7.0549728E-04
  0.8800000      1.0709728E-03
  0.8900000      1.5331411E-03
  0.9000000      2.6835490E-03
  0.9100000      3.1138812E-03
  0.9200000      3.6593946E-03
  0.9300000      3.9630430E-03
  0.9400000      2.5493407E-03
  0.9500000      4.8582107E-03
  0.9600000      2.3365843E-03
  0.9700000      1.6062348E-03
  0.9800000      9.8439753E-03
  0.9900000      9.5583797E-03
   1.000000      3.4373654E-03
   1.010000      3.6051013E-03
   1.020000      1.4499529E-02
   1.030000      4.8753493E-02
   1.040000      7.2059676E-02
   1.050000      3.0815560E-02
   1.060000      2.9855452E-02
   1.070000      0.2656096    
   1.080000      0.5987344    
   1.090000      0.1971961    
   1.100000      2.9852279E-02
   1.110000      3.4202881E-02
   1.120000      5.2689917E-02
   1.130000      5.8047827E-02
   1.140000      4.1567620E-02
   1.150000      3.7329040E-02
   1.160000      5.3940121E-02
   1.170000      7.8842685E-02
   1.180000      0.1036139    
   1.190000      7.9607300E-02
   1.200000      4.9224265E-02
   1.210000      4.4812206E-02
   1.220000      5.8874477E-02
   1.230000      8.8550083E-02
   1.240000      0.2039582    
   1.250000      0.2724676    
   1.260000      0.1433415    
   1.270000      3.7764799E-02
   1.280000      1.4371764E-02
   1.290000      1.1728656E-02
   1.300000      1.7849019E-02
   1.310000      3.2872695E-02
   1.320000      4.0392525E-02
   1.330000      5.4476503E-02
   1.340000      8.8473640E-02
   1.350000      0.1070908    
   1.360000      8.8590659E-02
   1.370000      5.8772050E-02
   1.380000      3.9822359E-02
   1.390000      2.2509774E-02
   1.400000      9.9774702E-03
   1.410000      9.8654330E-03
   1.420000      2.0575155E-02
   1.430000      3.9322682E-02
   1.440000      5.4650318E-02
   1.450000      6.6709794E-02
   1.460000      7.9249233E-02
   1.470000      7.9270028E-02
   1.480000      6.4783514E-02
   1.490000      4.4840910E-02
   1.500000      2.6977418E-02
   1.510000      1.4797051E-02
   1.520000      1.1081086E-02
   1.530000      1.6989054E-02
   1.540000      3.1228259E-02
   1.550000      5.1165394E-02
   1.560000      7.5753503E-02
   1.570000      9.9540152E-02
   1.580000      0.1102098    
   1.590000      0.1065229    
   1.600000      9.6349411E-02
   1.610000      8.3707578E-02
   1.620000      6.6777498E-02
   1.630000      4.9360156E-02
   1.640000      3.4417488E-02
   1.650000      2.2623742E-02
   1.660000      1.4184515E-02
   1.670000      9.4827935E-03
   1.680000      7.8043994E-03
   1.690000      7.7191018E-03
   1.700000      8.2228044E-03
   1.710000      8.7719327E-03
   1.720000      9.2437593E-03
   1.730000      9.7139375E-03
   1.740000      1.0308161E-02
   1.750000      1.1032825E-02
   1.760000      1.1696153E-02
   1.770000      1.2015840E-02
   1.780000      1.1799414E-02
   1.790000      1.1069608E-02
   1.800000      1.0122393E-02
   1.810000      9.4758542E-03
   1.820000      9.6888458E-03
   1.830000      1.1127529E-02
   1.840000      1.3768051E-02
   1.850000      1.7139066E-02
   1.860000      2.0443194E-02
   1.870000      2.2785053E-02
   1.880000      2.3461904E-02
   1.890000      2.2229224E-02
   1.900000      1.9457053E-02
   1.910000      1.6069420E-02
   1.920000      1.3263279E-02
   1.930000      1.2095398E-02
   1.940000      1.3111132E-02
   1.950000      1.6116170E-02
   1.960000      2.0168247E-02
   1.970000      2.3851886E-02
   1.980000      2.5749745E-02
   1.990000      2.5002379E-02
   2.000000      2.1751532E-02
   2.010000      1.7291706E-02
   2.020000      1.3885151E-02
   2.030000      1.4249577E-02
   2.040000      2.0814495E-02
   2.050000      3.4968633E-02
   2.060000      5.6493934E-02
   2.070000      8.3404332E-02
   2.080000      0.1122217    
   2.090000      0.1386106    
   2.100000      0.1583003    
   2.110000      0.1680254    
   2.120000      0.1662980    
   2.130000      0.1537133    
   2.140000      0.1327695    
   2.150000      0.1071580    
   2.160000      8.0890954E-02
   2.170000      5.7435323E-02
   2.180000      3.9027702E-02
   2.190000      2.6414193E-02
   2.200000      1.8958643E-02
   2.210000      1.5094690E-02
   2.220000      1.2975383E-02
   2.230000      1.1104387E-02
   2.240000      8.7432200E-03
   2.250000      5.9995297E-03
   2.260000      3.5978400E-03
   2.270000      2.4436847E-03
   2.280000      3.1520398E-03
   2.290000      5.7088481E-03
   2.300000      9.3952352E-03
   2.310000      1.3007452E-02
   2.320000      1.5274150E-02
   2.330000      1.5340599E-02
   2.340000      1.3131906E-02
   2.350000      9.4582150E-03
   2.360000      5.8015292E-03
   2.370000      3.8269060E-03
   2.380000      4.7952523E-03
   2.390000      9.0694092E-03
   2.400000      1.5883982E-02
   2.410000      2.3508465E-02
   2.420000      2.9754102E-02
   2.430000      3.2732014E-02
   2.440000      3.1579487E-02
   2.450000      2.6937047E-02
   2.460000      2.0965371E-02
   2.470000      1.6847141E-02
   2.480000      1.7877726E-02
   2.490000      2.6376173E-02
   2.500000      4.2717028E-02
   2.510000      6.4892247E-02
   2.520000      8.8684008E-02
   2.530000      0.1085974    
   2.540000      0.1193430    
   2.550000      0.1174906    
   2.560000      0.1028771    
   2.570000      7.9364233E-02
   2.580000      5.4588288E-02
   2.590000      3.8752239E-02
   2.600000      4.2567946E-02
   2.610000      7.4728243E-02
   2.620000      0.1396332    
   2.630000      0.2358966    
   2.640000      0.3557989    
   2.650000      0.4862586    
   2.660000      0.6108940    
   2.670000      0.7127906    
   2.680000      0.7777447    
   2.690000      0.7968677    
   2.700000      0.7680820    
   2.710000      0.6963931    
   2.720000      0.5928406    
   2.730000      0.4722729    
   2.740000      0.3507230    
   2.750000      0.2425350    
   2.760000      0.1579664    
   2.770000      0.1019616    
   2.780000      7.4020401E-02
   2.790000      6.8989843E-02
   2.800000      7.8834161E-02
   2.810000      9.4641440E-02
   2.820000      0.1084904    
   2.830000      0.1149231    
   2.840000      0.1115936    
   2.850000      9.9133529E-02
   2.860000      8.0435455E-02
   2.870000      5.9506338E-02
   2.880000      4.0313412E-02
   2.890000      2.5821738E-02
   2.900000      1.7431507E-02
   2.910000      1.4898754E-02
   2.920000      1.6694043E-02
   2.930000      2.0590698E-02
   2.940000      2.4344284E-02
   2.950000      2.6271684E-02
   2.960000      2.5571294E-02
   2.970000      2.2386460E-02
   2.980000      1.7597916E-02
   2.990000      1.2465871E-02
   3.000000      8.2216784E-03
   3.010000      5.7320232E-03
   3.020000      5.3040413E-03
   3.030000      6.6786022E-03
   3.040000      9.1617415E-03
   3.050000      1.1865946E-02
   3.060000      1.3957504E-02
   3.070000      1.4864515E-02
   3.080000      1.4383224E-02
   3.090000      1.2677805E-02
   3.100000      1.0177078E-02
   3.110000      7.4273581E-03
   3.120000      4.9316552E-03
   3.130000      3.0321225E-03
   3.140000      1.8593448E-03
   3.150000      1.3461655E-03
   3.160000      1.2999396E-03
   3.170000      1.5020863E-03
   3.180000      1.7972543E-03
   3.190000      2.1483724E-03
   3.200000      2.6413861E-03
   3.210000      3.4407750E-03
   3.220000      4.7139591E-03
   3.230000      6.5476890E-03
   3.240000      8.8872816E-03
   3.250000      1.1512142E-02
   3.260000      1.4065570E-02
   3.270000      1.6131202E-02
   3.280000      1.7325051E-02
   3.290000      1.7396985E-02
   3.300000      1.6299693E-02
   3.310000      1.4211741E-02
   3.320000      1.1506206E-02
   3.330000      8.6700562E-03
   3.340000      6.1943973E-03
   3.350000      4.4643194E-03
   3.360000      3.6728824E-03
   3.370000      3.7831529E-03
   3.380000      4.5493464E-03
   3.390000      5.5887848E-03
   3.400000      6.4846380E-03
   3.410000      6.8971026E-03
   3.420000      6.6470876E-03
   3.430000      5.7580867E-03
   3.440000      4.4407528E-03
   3.450000      3.0276235E-03
   3.460000      1.8767952E-03
   3.470000      1.2721518E-03
   3.480000      1.3455945E-03
   3.490000      2.0443846E-03
   3.500000      3.1482880E-03
   3.510000      4.3339413E-03
   3.520000      5.2655414E-03
   3.530000      5.6900415E-03
   3.540000      5.4998607E-03
   3.550000      4.7606090E-03
   3.560000      3.6850569E-03
   3.570000      2.5706785E-03
   3.580000      1.7141077E-03
   3.590000      1.3281000E-03
   3.600000      1.4865210E-03
   3.610000      2.1084954E-03
   3.620000      2.9867447E-03
   3.630000      3.8492952E-03
   3.640000      4.4378503E-03
   3.650000      4.5755412E-03
   3.660000      4.2141131E-03
   3.670000      3.4403726E-03
   3.680000      2.4479418E-03
   3.690000      1.4831841E-03
   3.700000      7.7937706E-04
   3.710000      5.0108240E-04
   3.720000      7.1109127E-04
   3.730000      1.3655842E-03
   3.740000      2.3353107E-03
   3.750000      3.4438930E-03
   3.760000      4.5104837E-03
   3.770000      5.3856331E-03
   3.780000      5.9726406E-03
   3.790000      6.2302183E-03
   3.800000      6.1632888E-03
   3.810000      5.8095036E-03
   3.820000      5.2251788E-03
   3.830000      4.4792457E-03
   3.840000      3.6516222E-03
   3.850000      2.8343087E-03
   3.860000      2.1278814E-03
   3.870000      1.6330279E-03
   3.880000      1.4317730E-03
   3.890000      1.5655019E-03
   3.900000      2.0157639E-03
   3.910000      2.6960263E-03
   3.920000      3.4612636E-03
   3.930000      4.1352329E-03
   3.940000      4.5512822E-03
   3.950000      4.5964317E-03
   3.960000      4.2439457E-03
   3.970000      3.5646996E-03
   3.980000      2.7116791E-03
   3.990000      1.8803825E-03
   4.000000      1.2549660E-03
   4.010000      9.5787115E-04
   4.020000      1.0153496E-03
   4.030000      1.3530297E-03
   4.040000      1.8207905E-03
   4.050000      2.2418553E-03
   4.060000      2.4700102E-03
   4.070000      2.4359049E-03
   4.080000      2.1665096E-03
   4.090000      1.7732042E-03
   4.100000      1.4091803E-03
   4.110000      1.2126942E-03
   4.120000      1.2548714E-03
   4.130000      1.5114583E-03
   4.140000      1.8719920E-03
   4.150000      2.1859084E-03
   4.160000      2.3307656E-03
   4.170000      2.2831131E-03
   4.180000      2.1653860E-03
   4.190000      2.2470322E-03
   4.200000      2.8948791E-03
   4.210000      4.4795424E-03
   4.220000      7.2591058E-03
   4.230000      1.1279436E-02
   4.240000      1.6312286E-02
   4.250000      2.1866757E-02
   4.260000      2.7260192E-02
   4.270000      3.1748984E-02
   4.280000      3.4689303E-02
   4.290000      3.5669219E-02
   4.300000      3.4601752E-02
   4.310000      3.1730510E-02
   4.320000      2.7568925E-02
   4.330000      2.2771977E-02
   4.340000      1.7992191E-02
   4.350000      1.3746041E-02
   4.360000      1.0328627E-02
   4.370000      7.7987732E-03
   4.380000      6.0236631E-03
   4.390000      4.7674016E-03
   4.400000      3.7949805E-03
   4.410000      2.9536749E-03
   4.420000      2.2069309E-03
   4.430000      1.6173102E-03
   4.440000      1.2897722E-03
   4.450000      1.2986212E-03
   4.460000      1.6290224E-03
   4.470000      2.1589184E-03
   4.480000      2.6885581E-03
   4.490000      3.0065922E-03
   4.500000      2.9726180E-03
   4.510000      2.5785044E-03
   4.520000      1.9672541E-03
   4.530000      1.3937308E-03
   4.540000      1.1362535E-03
   4.550000      1.3894013E-03
   4.560000      2.1740736E-03
   4.570000      3.3053840E-03
   4.580000      4.4329371E-03
   4.590000      5.1549682E-03
   4.600000      5.1722396E-03
   4.610000      4.4290177E-03
   4.620000      3.1892888E-03
   4.630000      2.0078949E-03
   4.640000      1.5838265E-03
   4.650000      2.5326139E-03
   4.660000      5.1366519E-03
   4.670000      9.1580041E-03
   4.680000      1.3794937E-02
   4.690000      1.7832166E-02
   4.700000      1.9967860E-02
   4.710000      1.9268880E-02
   4.720000      1.5643707E-02
   4.730000      1.0179889E-02
   4.740000      5.2375803E-03
   4.750000      4.2316858E-03
   4.760000      1.1044715E-02
   4.770000      2.9256836E-02
   4.780000      6.1236639E-02
   4.790000      0.1073868    
   4.800000      0.1656567    
   4.810000      0.2315080    
   4.820000      0.2984815    
   4.830000      0.3590586    
   4.840000      0.4058611    
   4.850000      0.4329000    
   4.860000      0.4366623    
   4.870000      0.4166724    
   4.880000      0.3755984    
   4.890000      0.3187835    
   4.900000      0.2532658    
   4.910000      0.1865934    
   4.920000      0.1255919    
   4.930000      7.5313911E-02
   4.940000      3.8456511E-02
   4.950000      1.5315369E-02
   4.960000      4.1162535E-03
   4.970000      1.7028085E-03
   4.980000      4.3867077E-03
   4.990000      8.7583801E-03
   5.000000      1.2290102E-02
   5.010000      1.3632037E-02
   5.020000      1.2588996E-02
   5.030000      9.8289829E-03
   5.040000      6.4573977E-03
   5.050000      3.5720151E-03
   5.060000      1.9247059E-03
   5.070000      1.7462795E-03
   5.080000      2.7656290E-03
   5.090000      4.3774960E-03
   5.100000      5.8834362E-03
   5.110000      6.7259334E-03
   5.120000      6.6438504E-03
   5.130000      5.7157245E-03
   5.140000      4.2925961E-03
   5.150000      2.8516795E-03
   5.160000      1.8280161E-03
   5.170000      1.4810499E-03
   5.180000      1.8304132E-03
   5.190000      2.6761985E-03
   5.200000      3.6869862E-03
   5.210000      4.5203627E-03
   5.220000      4.9373172E-03
   5.230000      4.8702499E-03
   5.240000      4.4282726E-03
   5.250000      3.8448037E-03
   5.260000      3.3861506E-03
   5.270000      3.2580518E-03
   5.280000      3.5405904E-03
   5.290000      4.1672122E-03
   5.300000      4.9588182E-03
   5.310000      5.6925663E-03
   5.320000      6.1813248E-03
   5.330000      6.3387966E-03
   5.340000      6.2059043E-03
   5.350000      5.9289220E-03
   5.360000      5.7022758E-03
   5.370000      5.6951256E-03
   5.380000      5.9846989E-03
   5.390000      6.5240301E-03
   5.400000      7.1515352E-03
   5.410000      7.6425746E-03
   5.420000      7.7833063E-03
   5.430000      7.4460609E-03
   5.440000      6.6364333E-03
   5.450000      5.5016186E-03
   5.460000      4.2917645E-03
   5.470000      3.2883810E-03
   5.480000      2.7195015E-03
   5.490000      2.6916312E-03
   5.500000      3.1552447E-03
   5.510000      3.9184489E-03
   5.520000      4.7032870E-03
   5.530000      5.2269329E-03
   5.540000      5.2851159E-03
   5.550000      4.8135640E-03
   5.560000      3.9028190E-03
   5.570000      2.7709787E-03
   5.580000      1.6974307E-03
   5.590000      9.3902502E-04
   5.600000      6.5672398E-04
   5.610000      8.6958054E-04
   5.620000      1.4551217E-03
   5.630000      2.1913834E-03
   5.640000      2.8279428E-03
   5.650000      3.1635365E-03
   5.660000      3.1064309E-03
   5.670000      2.6998431E-03
   5.680000      2.1042225E-03
   5.690000      1.5426597E-03
   5.700000      1.2262297E-03
   5.710000      1.2847277E-03
   5.720000      1.7225636E-03
   5.730000      2.4126091E-03
   5.740000      3.1344078E-03
   5.750000      3.6411381E-03
   5.760000      3.7393293E-03
   5.770000      3.3551946E-03
   5.780000      2.5674999E-03
   5.790000      1.5984785E-03
   5.800000      7.6106220E-04
   5.810000      3.8036887E-04
   5.820000      7.0750935E-04
   5.830000      1.8485454E-03
   5.840000      3.7308638E-03
   5.850000      6.1134179E-03
   5.860000      8.6353831E-03
   5.870000      1.0896531E-02
   5.880000      1.2542683E-02
   5.890000      1.3335768E-02
   5.900000      1.3196935E-02
   5.910000      1.2209882E-02
   5.920000      1.0587664E-02
   5.930000      8.6182859E-03
   5.940000      6.5984819E-03
   5.950000      4.7750189E-03
   5.960000      3.3075958E-03
   5.970000      2.2567525E-03
   5.980000      1.5954147E-03
   5.990000      1.2393477E-03
   6.000000      1.0824677E-03
   6.010000      1.0278124E-03
   6.020000      1.0081226E-03
   6.030000      9.9159020E-04
   6.040000      9.7551860E-04
   6.050000      9.7245781E-04
   6.060000      9.9589629E-04
   6.070000      1.0496759E-03
   6.080000      1.1243268E-03
   6.090000      1.1998764E-03
   6.100000      1.2530865E-03
   6.110000      1.2649385E-03
   6.120000      1.2260991E-03
   6.130000      1.1385322E-03
   6.140000      1.0129609E-03
   6.150000      8.6458452E-04
   6.160000      7.0851180E-04
   6.170000      5.5739371E-04
   6.180000      4.2088382E-04
   6.190000      3.0725767E-04
   6.200000      2.2505833E-04
   6.210000      1.8343166E-04
   6.220000      1.9018848E-04
   6.230000      2.4798742E-04
   6.240000      3.5019271E-04
   6.250000      4.7868042E-04
   6.260000      6.0512021E-04
   6.270000      6.9672230E-04
   6.280000      7.2543189E-04
   6.290000      6.7780667E-04
   6.300000      5.6270126E-04
   6.310000      4.1305681E-04
   6.320000      2.8046709E-04
   6.330000      2.2339605E-04
   6.340000      2.9124174E-04
   6.350000      5.0924398E-04
   6.360000      8.6840539E-04
   6.370000      1.3237349E-03
   6.380000      1.8032742E-03
   6.390000      2.2243767E-03
   6.400000      2.5137197E-03
   6.410000      2.6257045E-03
   6.420000      2.5537687E-03
   6.430000      2.3308431E-03
   6.440000      2.0206117E-03
   6.450000      1.6997557E-03
   6.460000      1.4372744E-03
   6.470000      1.2774944E-03
   6.480000      1.2307089E-03
   6.490000      1.2731809E-03
   6.500000      1.3573316E-03
   6.510000      1.4281032E-03
   6.520000      1.4394338E-03
   6.530000      1.3675714E-03
   6.540000      1.2159749E-03
   6.550000      1.0115894E-03
   6.560000      7.9453655E-04
   6.570000      6.0431147E-04
   6.580000      4.6784888E-04
   6.590000      3.9230581E-04
   6.600000      3.6586210E-04
   6.610000      3.6457324E-04
   6.620000      3.6287683E-04
   6.630000      3.4413853E-04
   6.640000      3.0705385E-04
   6.650000      2.6606960E-04
   6.660000      2.4589739E-04
   6.670000      2.7210871E-04
   6.680000      3.6156294E-04
   6.690000      5.1570492E-04
   6.700000      7.1969291E-04
   6.710000      9.4714563E-04
   6.720000      1.1683678E-03
   6.730000      1.3600193E-03
   6.740000      1.5114755E-03
   6.750000      1.6258125E-03
   6.760000      1.7159925E-03
   6.770000      1.7973133E-03
   6.780000      1.8788241E-03
   6.790000      1.9586140E-03
   6.800000      2.0237942E-03
   6.810000      2.0562096E-03
   6.820000      2.0428025E-03
   6.830000      1.9844333E-03
   6.840000      1.9012123E-03
   6.850000      1.8295740E-03
   6.860000      1.8118483E-03
   6.870000      1.8805780E-03
   6.880000      2.0440356E-03
   6.890000      2.2760499E-03
   6.900000      2.5202532E-03
   6.910000      2.7058993E-03
   6.920000      2.7751699E-03
   6.930000      2.7151196E-03
   6.940000      2.5819088E-03
   6.950000      2.5114231E-03
   6.960000      2.7063012E-03
   6.970000      3.3992759E-03
   6.980000      4.8000710E-03
   6.990000      7.0347427E-03
   7.000000      1.0092716E-02
   7.010000      1.3804113E-02
   7.020000      1.7843990E-02
   7.030000      2.1771083E-02
   7.040000      2.5104249E-02
   7.050000      2.7405092E-02
   7.060000      2.8359748E-02
   7.070000      2.7844977E-02
   7.080000      2.5949884E-02
   7.090000      2.2958200E-02
   7.100000      1.9293081E-02
   7.110000      1.5433423E-02
   7.120000      1.1823833E-02
   7.130000      8.8031534E-03
   7.140000      6.5555708E-03
   7.150000      5.0990898E-03
   7.160000      4.3116058E-03
   7.170000      3.9815889E-03
   7.180000      3.8713990E-03
   7.190000      3.7766953E-03
   7.200000      3.5662006E-03
   7.210000      3.1971822E-03
   7.220000      2.7057747E-03
   7.230000      2.1797749E-03
   7.240000      1.7190558E-03
   7.250000      1.4030001E-03
   7.260000      1.2669389E-03
   7.270000      1.2953959E-03
   7.280000      1.4318223E-03
   7.290000      1.5986818E-03
   7.300000      1.7209800E-03
   7.310000      1.7459261E-03
   7.320000      1.6542511E-03
   7.330000      1.4604921E-03
   7.340000      1.2044576E-03
   7.350000      9.3777612E-04
   7.360000      7.0957246E-04
   7.370000      5.5557716E-04
   7.380000      4.9401872E-04
   7.390000      5.2580592E-04
   7.400000      6.3897873E-04
   7.410000      8.1471074E-04
   7.420000      1.0319176E-03
   7.430000      1.2698906E-03
   7.440000      1.5088553E-03
   7.450000      1.7302083E-03
   7.460000      1.9170288E-03
   7.470000      2.0561975E-03
   7.480000      2.1413141E-03
   7.490000      2.1744641E-03
   7.500000      2.1677283E-03
   7.510000      2.1402931E-03
   7.520000      2.1131872E-03
   7.530000      2.1023294E-03
   7.540000      2.1114596E-03
   7.550000      2.1292765E-03
   7.560000      2.1329483E-03
   7.570000      2.0968202E-03
   7.580000      2.0043363E-03
   7.590000      1.8610378E-03
   7.600000      1.7014869E-03
   7.610000      1.5865397E-03
   7.620000      1.5922955E-03
   7.630000      1.7881000E-03
   7.640000      2.2119903E-03
   7.650000      2.8512871E-03
   7.660000      3.6326926E-03
   7.670000      4.4288370E-03
   7.680000      5.0820410E-03
   7.690000      5.4408596E-03
   7.700000      5.3984043E-03
   7.710000      4.9250470E-03
   7.720000      4.0832548E-03
   7.730000      3.0194141E-03
   7.740000      1.9337505E-03
   7.750000      1.0326124E-03
   7.760000      4.7916867E-04
   7.770000      3.5204782E-04
   7.780000      6.2437687E-04
   7.790000      1.1711644E-03
   7.800000      1.8034735E-03
   7.810000      2.3190291E-03
   7.820000      2.5574421E-03
   7.830000      2.4448994E-03
   7.840000      2.0126847E-03
   7.850000      1.3883945E-03
   7.860000      7.5855537E-04
   7.870000      3.1372978E-04
   7.880000      1.9325061E-04
   7.890000      4.4275678E-04
   7.900000      9.9953054E-04
   7.910000      1.7088993E-03
   7.920000      2.3670085E-03
   7.930000      2.7803262E-03
   7.940000      2.8228825E-03
   7.950000      2.4761790E-03
   7.960000      1.8392516E-03
   7.970000      1.1068335E-03
   7.980000      5.1904254E-04
   7.990000      2.9857582E-04
   8.000000      5.9117615E-04
   8.010000      1.4214652E-03
   8.020000      2.6865939E-03
   8.030000      4.1761692E-03
   8.040000      5.6208940E-03
   8.050000      6.7558833E-03
   8.060000      7.3791090E-03
   8.070000      7.3943366E-03
   8.080000      6.8256515E-03
   8.090000      5.8035525E-03
   8.100000      4.5257048E-03
   8.110000      3.2077620E-03
   8.120000      2.0354490E-03
   8.130000      1.1314235E-03
   8.140000      5.4057478E-04
   8.150000      2.3673363E-04
   8.160000      1.4610692E-04
   8.170000      1.7782488E-04
   8.180000      2.5135861E-04
   8.190000      3.1433578E-04
   8.200000      3.4721722E-04
   8.210000      3.5595850E-04
   8.220000      3.5812182E-04
   8.230000      3.6832222E-04
   8.240000      3.8908911E-04
   8.250000      4.0962631E-04
   8.260000      4.1207377E-04
   8.270000      3.8174525E-04
   8.280000      3.1625899E-04
   8.290000      2.2967601E-04
   8.300000      1.4914683E-04
   8.310000      1.0538891E-04
   8.320000      1.2069268E-04
   8.330000      1.9889364E-04
   8.340000      3.2201727E-04
   8.350000      4.5491528E-04
   8.360000      5.5718602E-04
   8.370000      5.9805199E-04
   8.380000      5.6851323E-04
   8.390000      4.8621712E-04
   8.400000      3.9071165E-04
   8.410000      3.2933417E-04
   8.420000      3.3919883E-04
   8.430000      4.3168495E-04
   8.440000      5.8503926E-04
   8.450000      7.5020513E-04
   8.460000      8.6831604E-04
   8.470000      8.9563476E-04
   8.480000      8.2823460E-04
   8.490000      7.1663066E-04
   8.500000      6.6404522E-04
   8.510000      8.0639101E-04
   8.520000      1.2768515E-03
   8.530000      2.1644086E-03
   8.540000      3.4778528E-03
   8.550000      5.1265680E-03
   8.560000      6.9273124E-03
   8.570000      8.6331144E-03
   8.580000      9.9817300E-03
   8.590000      1.0754516E-02
   8.600000      1.0824339E-02
   8.610000      1.0184832E-02
   8.620000      8.9515708E-03
   8.630000      7.3335017E-03
   8.640000      5.5838828E-03
   8.650000      3.9445744E-03
   8.660000      2.5968880E-03
   8.670000      1.6310755E-03
   8.680000      1.0424294E-03
   8.690000      7.5093645E-04
   8.700000      6.3817902E-04
   8.710000      5.8935478E-04
   8.720000      5.2664487E-04
   8.730000      4.2497058E-04
   8.740000      3.0723520E-04
   8.750000      2.2320822E-04
   8.760000      2.2022281E-04
   8.770000      3.1769127E-04
   8.780000      4.9459486E-04
   8.790000      6.9431384E-04
   8.800000      8.4459613E-04
   8.810000      8.8577118E-04
   8.820000      7.9505728E-04
   8.830000      5.9889734E-04
   8.840000      3.6689019E-04
   8.850000      1.8806086E-04
   8.860000      1.3825866E-04
   8.870000      2.4983479E-04
   8.880000      4.9506745E-04
   8.890000      7.9191278E-04
   8.900000      1.0313941E-03
   8.910000      1.1191160E-03
   8.920000      1.0176504E-03
   8.930000      7.7271246E-04
   8.940000      5.1162270E-04
   8.950000      4.0992873E-04
   8.960000      6.3338550E-04
   8.970000      1.2717423E-03
   8.980000      2.2854856E-03
   8.990000      3.4909928E-03
   9.000000      4.5900345E-03
   9.010000      5.2495785E-03
   9.020000      5.2151140E-03
   9.030000      4.4240761E-03
   9.040000      3.0912254E-03
   9.050000      1.7304597E-03
   9.060000      1.0958189E-03
   9.070000      2.0463334E-03
   9.080000      5.3541036E-03
   9.090000      1.1498042E-02
   9.100000      2.0497639E-02
   9.110000      3.1820491E-02
   9.120000      4.4400763E-02
   9.130000      5.6790512E-02
   9.140000      6.7391604E-02
   9.150000      7.4729837E-02
   9.160000      7.7748336E-02
   9.170000      7.5999036E-02
   9.180000      6.9734029E-02
   9.190000      5.9852675E-02
   9.200000      4.7739770E-02
   9.210000      3.4991864E-02
   9.220000      2.3145447E-02
   9.230000      1.3408247E-02
   9.240000      6.4660734E-03
   9.250000      2.4406135E-03
   9.260000      9.4425265E-04
   9.270000      1.2359077E-03
   9.280000      2.4343901E-03
   9.290000      3.7269902E-03
   9.300000      4.5332457E-03
   9.310000      4.5900745E-03
   9.320000      3.9478890E-03
   9.330000      2.8858026E-03
   9.340000      1.7859866E-03
   9.350000      9.9727081E-04
   9.360000      7.3256012E-04
   9.370000      1.0162353E-03
   9.380000      1.6952750E-03
   9.390000      2.5038233E-03
   9.400000      3.1547563E-03
   9.410000      3.4293870E-03
   9.420000      3.2422978E-03
   9.430000      2.6593404E-03
   9.440000      1.8711758E-03
   9.450000      1.1300147E-03
   9.460000      6.7000341E-04
   9.470000      6.3701952E-04
   9.480000      1.0476501E-03
   9.490000      1.7850715E-03
   9.500000      2.6358252E-03
   9.510000      3.3526625E-03
   9.520000      3.7264188E-03
   9.530000      3.6455393E-03
   9.540000      3.1285759E-03
   9.550000      2.3206149E-03
   9.560000      1.4569620E-03
   9.570000      8.0250914E-04
   9.580000      5.8628066E-04
   9.590000      9.4576302E-04
   9.600000      1.8951728E-03
   9.610000      3.3246647E-03
   9.620000      5.0269384E-03
   9.630000      6.7448881E-03
   9.640000      8.2282238E-03
   9.650000      9.2809703E-03
   9.660000      9.7932871E-03
   9.670000      9.7534824E-03
   9.680000      9.2355721E-03
   9.690000      8.3723627E-03
   9.700000      7.3205954E-03
   9.710000      6.2262514E-03
   9.720000      5.2004079E-03
   9.730000      4.3085315E-03
   9.740000      3.5704747E-03
   9.750000      2.9710452E-03
   9.760000      2.4763274E-03
   9.770000      2.0492037E-03
   9.780000      1.6607919E-03
   9.790000      1.2968587E-03
   9.800000      9.5799926E-04
   9.810000      6.5570639E-04
   9.820000      4.0600667E-04
   9.830000      2.2307958E-04
   9.840000      1.1484025E-04
   9.850000      8.0264072E-05
   9.860000      1.0932550E-04
   9.870000      1.8470449E-04
   9.880000      2.8435510E-04
   9.890000      3.8482796E-04
   9.900000      4.6446596E-04
   9.910000      5.0675799E-04
   9.920000      5.0335523E-04
   9.930000      4.5599486E-04
   9.940000      3.7700537E-04
   9.950000      2.8790470E-04
   9.960000      2.1550596E-04
   9.970000      1.8630878E-04
   9.980000      2.1991732E-04
   9.990000      3.2288712E-04
   10.00000      4.8495119E-04
   10.01000      6.7902182E-04
   10.02000      8.6710427E-04
   10.03000      1.0053504E-03
   10.04000      1.0576440E-03
   10.05000      1.0056538E-03
   10.06000      8.5553847E-04
   10.07000      6.4081629E-04
   10.08000      4.1753452E-04
   10.09000      2.5848433E-04
   10.10000      2.3616162E-04
   10.11000      4.0518108E-04
   10.12000      7.9728966E-04
   10.13000      1.4080177E-03
   10.14000      2.1905161E-03
   10.15000      3.0725470E-03
   10.16000      3.9644637E-03
   10.17000      4.7722976E-03
   10.18000      5.4141749E-03
   10.19000      5.8273585E-03
   10.20000      5.9835720E-03
   10.21000      5.8891359E-03
   10.22000      5.5747386E-03
   10.23000      5.0903792E-03
   10.24000      4.4990280E-03
   10.25000      3.8572191E-03
   10.26000      3.2104866E-03
   10.27000      2.5986796E-03
   10.28000      2.0477232E-03
   10.29000      1.5668365E-03
   10.30000      1.1592252E-03
   10.31000      8.2504278E-04
   10.32000      5.6112290E-04
   10.33000      3.6490284E-04
   10.34000      2.3421593E-04
   10.35000      1.6441265E-04
   10.36000      1.4894156E-04
   10.37000      1.7831603E-04
   10.38000      2.3878530E-04
   10.39000      3.1425655E-04
   10.40000      3.8740621E-04
   10.41000      4.4229117E-04
   10.42000      4.6737428E-04
   10.43000      4.5615810E-04
   10.44000      4.0959739E-04
   10.45000      3.3565066E-04
   10.46000      2.4680304E-04
   10.47000      1.5923945E-04
   10.48000      8.8843546E-05
   10.49000      4.7471531E-05
   10.50000      4.1316980E-05
   10.51000      6.9167167E-05
   10.52000      1.2299020E-04
   10.53000      1.8906100E-04
   10.54000      2.5080590E-04
   10.55000      2.9377648E-04
   10.56000      3.0770488E-04
   10.57000      2.8935479E-04
   10.58000      2.4446016E-04
   10.59000      1.8569127E-04
   10.60000      1.3075542E-04
   10.61000      9.8867000E-05
   10.62000      1.0661478E-04
   10.63000      1.6530976E-04
   10.64000      2.7741140E-04
   10.65000      4.3808343E-04
   10.66000      6.3682435E-04
   10.67000      8.5762137E-04
   10.68000      1.0846800E-03
   10.69000      1.3051857E-03
   10.70000      1.5092093E-03
   10.71000      1.6920097E-03
   10.72000      1.8520256E-03
   10.73000      1.9879073E-03
   10.74000      2.0990428E-03
   10.75000      2.1834334E-03
   10.76000      2.2358694E-03
   10.77000      2.2495424E-03
   10.78000      2.2177142E-03
   10.79000      2.1352083E-03
   10.80000      2.0003100E-03
   10.81000      1.8161914E-03
   10.82000      1.5909370E-03
   10.83000      1.3383870E-03
   10.84000      1.0753216E-03
   10.85000      8.1767276E-04
   10.86000      5.8146851E-04
   10.87000      3.8226173E-04
   10.88000      2.3056786E-04
   10.89000      1.3165327E-04
   10.90000      8.6528940E-05
   10.91000      9.0474896E-05
   10.92000      1.3366916E-04
   10.93000      2.0163319E-04
   10.94000      2.7646983E-04
   10.95000      3.4036525E-04
   10.96000      3.7783798E-04
   10.97000      3.7874526E-04
   10.98000      3.4146570E-04
   10.99000      2.7329856E-04
   11.00000      1.8978167E-04
   11.01000      1.1107988E-04
   11.02000      5.7191624E-05
   11.03000      4.3315762E-05
   11.04000      7.4378549E-05
   11.05000      1.4362726E-04
   11.06000      2.3424490E-04
   11.07000      3.2219983E-04
   11.08000      3.8454033E-04
   11.09000      4.0661506E-04
   11.10000      3.8638178E-04
   11.11000      3.3726398E-04
   11.12000      2.8527211E-04
   11.13000      2.6089541E-04
   11.14000      2.9072919E-04
   11.15000      3.8824134E-04
   11.16000      5.4900895E-04
   11.17000      7.5018493E-04
   11.18000      9.5688942E-04
   11.19000      1.1387392E-03
   11.20000      1.2835425E-03
   11.21000      1.4082936E-03
   11.22000      1.5674675E-03
   11.23000      1.8496560E-03
   11.24000      2.3610331E-03
   11.25000      3.2013389E-03
   11.26000      4.4380189E-03
   11.27000      6.0706139E-03
   11.28000      8.0163404E-03
   11.29000      1.0126143E-02
   11.30000      1.2183948E-02
   11.31000      1.3929162E-02
   11.32000      1.5123370E-02
   11.33000      1.5586324E-02
   11.34000      1.5226600E-02
   11.35000      1.4067767E-02
   11.36000      1.2236973E-02
   11.37000      9.9615613E-03
   11.38000      7.5280149E-03
   11.39000      5.2036485E-03
   11.40000      3.2114342E-03
   11.41000      1.7095492E-03
   11.42000      7.5015554E-04
   11.43000      2.8772498E-04
   11.44000      2.0666522E-04
   11.45000      3.5575614E-04
   11.46000      5.8352097E-04
   11.47000      7.6846097E-04
   11.48000      8.4407337E-04
   11.49000      7.9881185E-04
   11.50000      6.6510658E-04
   11.51000      5.0346053E-04
   11.52000      3.7373329E-04
   11.53000      3.1582706E-04
   11.54000      3.4057492E-04
   11.55000      4.2789488E-04
   11.56000      5.3725648E-04
   11.57000      6.2168023E-04
   11.58000      6.4592564E-04
   11.59000      5.9794064E-04
   11.60000      4.9101212E-04
   11.61000      3.6115758E-04
   11.62000      2.5326340E-04
   11.63000      2.0584502E-04
   11.64000      2.3939557E-04
   11.65000      3.4873441E-04
   11.66000      5.0532486E-04
   11.67000      6.6371664E-04
   11.68000      7.7704032E-04
   11.69000      8.1394898E-04
   11.70000      7.6718314E-04
   11.71000      6.5994903E-04
   11.72000      5.4209592E-04
   11.73000      4.7647869E-04
   11.74000      5.2473362E-04
   11.75000      7.3222595E-04
   11.76000      1.1151810E-03
   11.77000      1.6517045E-03
   11.78000      2.2883250E-03
   11.79000      2.9565485E-03
   11.80000      3.5782650E-03
   11.81000      4.0788553E-03
   11.82000      4.4077602E-03
   11.83000      4.5439806E-03
   11.84000      4.4922708E-03
   11.85000      4.2779045E-03
   11.86000      3.9411080E-03
   11.87000      3.5276434E-03
   11.88000      3.0784823E-03
   11.89000      2.6247841E-03
   11.90000      2.1888008E-03
   11.91000      1.7874020E-03
   11.92000      1.4304493E-03
   11.93000      1.1236409E-03
   11.94000      8.7242667E-04
   11.95000      6.7970622E-04
   11.96000      5.4441812E-04
   11.97000      4.6241772E-04
   11.98000      4.2217306E-04
   11.99000      4.0809836E-04
   12.00000      4.0325048E-04
   12.01000      3.9248215E-04
   12.02000      3.6685416E-04
   12.03000      3.2516583E-04
   12.04000      2.7314640E-04
   12.05000      2.2212653E-04
   12.06000      1.8437649E-04
   12.07000      1.6832132E-04
   12.08000      1.7575179E-04
   12.09000      2.0099527E-04
   12.10000      2.3286536E-04
   12.11000      2.5817996E-04
   12.12000      2.6716723E-04
   12.13000      2.5745828E-04
   12.14000      2.3513485E-04
   12.15000      2.1377271E-04
   12.16000      2.0943802E-04
   12.17000      2.3450886E-04
   12.18000      2.9241433E-04
   12.19000      3.7419458E-04
   12.20000      4.5898350E-04
   12.21000      5.1920494E-04
   12.22000      5.2970165E-04
   12.23000      4.7643736E-04
   12.24000      3.6461509E-04
   12.25000      2.2318617E-04
   12.26000      1.0063929E-04
   12.27000      5.7451660E-05
   12.28000      1.5304550E-04
   12.29000      4.3114301E-04
   12.30000      9.0872619E-04
   12.31000      1.5627455E-03
   12.32000      2.3346329E-03
   12.33000      3.1431038E-03
   12.34000      3.8898760E-03
   12.35000      4.4770013E-03
   12.36000      4.8317616E-03
   12.37000      4.9155615E-03
   12.38000      4.7286511E-03
   12.39000      4.3073809E-03
   12.40000      3.7160122E-03
   12.41000      3.0389749E-03
   12.42000      2.3571060E-03
   12.43000      1.7327372E-03
   12.44000      1.2115031E-03
   12.45000      8.1541191E-04
   12.46000      5.3984753E-04
   12.47000      3.6386927E-04
   12.48000      2.6029957E-04
   12.49000      2.0166617E-04
   12.50000      1.6663822E-04
   12.51000      1.4215073E-04
   12.52000      1.2278967E-04
   12.53000      1.0858423E-04
   12.54000      1.0155342E-04
   12.55000      1.0274705E-04
   12.56000      1.1068956E-04
   12.57000      1.2125417E-04
   12.58000      1.2914193E-04
   12.59000      1.2972132E-04
   12.60000      1.2039605E-04
   12.61000      1.0175464E-04
   12.62000      7.7103527E-05
   12.63000      5.1350835E-05
   12.64000      2.9772556E-05
   12.65000      1.6266857E-05
   12.66000      1.2511589E-05
   12.67000      1.8013057E-05
   12.68000      3.0496283E-05
   12.69000      4.6861482E-05
   12.70000      6.3869687E-05
   12.71000      7.8659148E-05
   12.72000      8.9112444E-05
   12.73000      9.3659997E-05
   12.74000      9.1157483E-05
   12.75000      8.1224789E-05
   12.76000      6.4747030E-05
   12.77000      4.4726647E-05
   12.78000      2.7033268E-05
   12.79000      2.0596040E-05
   12.80000      3.6701556E-05
   12.81000      8.6942033E-05
   12.82000      1.8108699E-04
   12.83000      3.2419580E-04
   12.84000      5.1313976E-04
   12.85000      7.3635334E-04
   12.86000      9.7527541E-04
   12.87000      1.2058406E-03
   12.88000      1.4019922E-03
   12.89000      1.5409149E-03
   12.90000      1.6085602E-03
   12.91000      1.6001966E-03
   12.92000      1.5216859E-03
   12.93000      1.3876265E-03
   12.94000      1.2176582E-03
   12.95000      1.0338321E-03
   12.96000      8.5485744E-04
   12.97000      6.9254288E-04
   12.98000      5.5302848E-04
   12.99000      4.3710571E-04
   13.00000      3.4082995E-04
