  -13.00000      6.9083544E-05
  -12.99000      1.1000000E-04
  -12.98000      1.8349553E-04
  -12.97000      3.0357292E-04
  -12.96000      4.8183510E-04
  -12.95000      7.2474778E-04
  -12.94000      1.0265802E-03
  -12.93000      1.3694589E-03
  -12.92000      1.7223282E-03
  -12.91000      2.0423839E-03
  -12.90000      2.2855748E-03
  -12.89000      2.4112829E-03
  -12.88000      2.3933903E-03
  -12.87000      2.2258465E-03
  -12.86000      1.9259374E-03
  -12.85000      1.5330417E-03
  -12.84000      1.1014170E-03
  -12.83000      6.9190469E-04
  -12.82000      3.5726317E-04
  -12.81000      1.3426699E-04
  -12.80000      3.5733763E-05
  -12.79000      4.8928261E-05
  -12.78000      1.3997774E-04
  -12.77000      2.6294540E-04
  -12.76000      3.7117736E-04
  -12.75000      4.2929806E-04
  -12.74000      4.2044182E-04
  -12.73000      3.4942376E-04
  -12.72000      2.4059326E-04
  -12.71000      1.2955593E-04
  -12.70000      5.2732757E-05
  -12.69000      3.7429530E-05
  -12.68000      9.3233029E-05
  -12.67000      2.1048692E-04
  -12.66000      3.6236271E-04
  -12.65000      5.1213021E-04
  -12.64000      6.2431913E-04
  -12.63000      6.7310850E-04
  -12.62000      6.4917683E-04
  -12.61000      5.6268106E-04
  -12.60000      4.3827636E-04
  -12.59000      3.0906065E-04
  -12.58000      2.0625927E-04
  -12.57000      1.4941955E-04
  -12.56000      1.4392877E-04
  -12.55000      1.7744002E-04
  -12.54000      2.2590946E-04
  -12.53000      2.6282141E-04
  -12.52000      2.6698652E-04
  -12.51000      2.3249409E-04
  -12.50000      1.7247970E-04
  -12.49000      1.1684584E-04
  -12.48000      1.0701772E-04
  -12.47000      1.8405498E-04
  -12.46000      3.7768661E-04
  -12.45000      6.9589319E-04
  -12.44000      1.1210659E-03
  -12.43000      1.6097706E-03
  -12.42000      2.1019399E-03
  -12.41000      2.5293247E-03
  -12.40000      2.8334970E-03
  -12.39000      2.9724431E-03
  -12.38000      2.9333213E-03
  -12.37000      2.7289290E-03
  -12.36000      2.3989594E-03
  -12.35000      1.9944406E-03
  -12.34000      1.5737135E-03
  -12.33000      1.1836434E-03
  -12.32000      8.5853634E-04
  -12.31000      6.1136094E-04
  -12.30000      4.4037731E-04
  -12.29000      3.2939893E-04
  -12.28000      2.5943670E-04
  -12.27000      2.1085949E-04
  -12.26000      1.7205642E-04
  -12.25000      1.3797627E-04
  -12.24000      1.1067468E-04
  -12.23000      9.4904608E-05
  -12.22000      9.4318748E-05
  -12.21000      1.0875458E-04
  -12.20000      1.3280478E-04
  -12.19000      1.5750907E-04
  -12.18000      1.7288716E-04
  -12.17000      1.7177143E-04
  -12.16000      1.5222158E-04
  -12.15000      1.1860317E-04
  -12.14000      8.0576421E-05
  -12.13000      4.9197813E-05
  -12.12000      3.3851084E-05
  -12.11000      3.8737198E-05
  -12.10000      6.0826951E-05
  -12.09000      9.1435882E-05
  -12.08000      1.1879898E-04
  -12.07000      1.3186697E-04
  -12.06000      1.2493608E-04
  -12.05000      9.9874953E-05
  -12.04000      6.5860506E-05
  -12.03000      3.6937407E-05
  -12.02000      2.6881387E-05
  -12.01000      4.3860473E-05
  -12.00000      8.7122811E-05
  -11.99000      1.4553530E-04
  -11.98000      2.0035404E-04
  -11.97000      2.3140002E-04
  -11.96000      2.2408256E-04
  -11.95000      1.7681970E-04
  -11.94000      1.0536177E-04
  -11.93000      4.1974879E-05
  -11.92000      3.0212943E-05
  -11.91000      1.1499610E-04
  -11.90000      3.2991427E-04
  -11.89000      6.8764709E-04
  -11.88000      1.1717450E-03
  -11.87000      1.7362122E-03
  -11.86000      2.3118271E-03
  -11.85000      2.8160200E-03
  -11.84000      3.1739536E-03
  -11.83000      3.3270428E-03
  -11.82000      3.2515628E-03
  -11.81000      2.9597015E-03
  -11.80000      2.4980828E-03
  -11.79000      1.9391277E-03
  -11.78000      1.3641968E-03
  -11.77000      8.4825640E-04
  -11.76000      4.4791162E-04
  -11.75000      1.8924109E-04
  -11.74000      7.0801470E-05
  -11.73000      6.3942622E-05
  -11.72000      1.2554765E-04
  -11.71000      2.0908315E-04
  -11.70000      2.7594526E-04
  -11.69000      3.0304174E-04
  -11.68000      2.8507077E-04
  -11.67000      2.3239899E-04
  -11.66000      1.6408690E-04
  -11.65000      1.0193641E-04
  -11.64000      6.1367056E-05
  -11.63000      4.9308113E-05
  -11.62000      6.2196967E-05
  -11.61000      8.8665773E-05
  -11.60000      1.1464400E-04
  -11.59000      1.2839693E-04
  -11.58000      1.2415854E-04
  -11.57000      1.0402724E-04
  -11.56000      7.6656805E-05
  -11.55000      5.4024891E-05
  -11.54000      4.7274505E-05
  -11.53000      6.2840409E-05
  -11.52000      1.0007626E-04
  -11.51000      1.5183332E-04
  -11.50000      2.0601951E-04
  -11.49000      2.4984364E-04
  -11.48000      2.7321305E-04
  -11.47000      2.7182337E-04
  -11.46000      2.4823670E-04
  -11.45000      2.1084130E-04
  -11.44000      1.7116698E-04
  -11.43000      1.4093872E-04
  -11.42000      1.2846755E-04
  -11.41000      1.3686948E-04
  -11.40000      1.6367932E-04
  -11.39000      2.0190892E-04
  -11.38000      2.4261892E-04
  -11.37000      2.7750395E-04
  -11.36000      3.0104077E-04
  -11.35000      3.1169929E-04
  -11.34000      3.1179047E-04
  -11.33000      3.0573126E-04
  -11.32000      2.9903889E-04
  -11.31000      2.9565129E-04
  -11.30000      2.9743728E-04
  -11.29000      3.0368083E-04
  -11.28000      3.1152455E-04
  -11.27000      3.1759491E-04
  -11.26000      3.1881113E-04
  -11.25000      3.1356627E-04
  -11.24000      3.0189578E-04
  -11.23000      2.8514356E-04
  -11.22000      2.6515292E-04
  -11.21000      2.4353855E-04
  -11.20000      2.2106926E-04
  -11.19000      1.9753621E-04
  -11.18000      1.7261898E-04
  -11.17000      1.4612616E-04
  -11.16000      1.1908465E-04
  -11.15000      9.3930706E-05
  -11.14000      7.4314936E-05
  -11.13000      6.4334912E-05
  -11.12000      6.7344867E-05
  -11.11000      8.4753454E-05
  -11.10000      1.1540020E-04
  -11.09000      1.5533247E-04
  -11.08000      1.9906460E-04
  -11.07000      2.4033828E-04
  -11.06000      2.7413684E-04
  -11.05000      2.9763678E-04
  -11.04000      3.1102350E-04
  -11.03000      3.1685355E-04
  -11.02000      3.1935287E-04
  -11.01000      3.2232367E-04
  -11.00000      3.2836266E-04
  -10.99000      3.3705623E-04
  -10.98000      3.4574332E-04
  -10.97000      3.4963558E-04
  -10.96000      3.4402759E-04
  -10.95000      3.2553289E-04
  -10.94000      2.9442128E-04
  -10.93000      2.5430424E-04
  -10.92000      2.1308589E-04
  -10.91000      1.8039675E-04
  -10.90000      1.6672254E-04
  -10.89000      1.8063442E-04
  -10.88000      2.2711459E-04
  -10.87000      3.0695423E-04
  -10.86000      4.1703734E-04
  -10.85000      5.5095088E-04
  -10.84000      7.0256792E-04
  -10.83000      8.6560089E-04
  -10.82000      1.0373616E-03
  -10.81000      1.2174008E-03
  -10.80000      1.4065526E-03
  -10.79000      1.6066594E-03
  -10.78000      1.8158914E-03
  -10.77000      2.0276562E-03
  -10.76000      2.2306615E-03
  -10.75000      2.4051121E-03
  -10.74000      2.5310258E-03
  -10.73000      2.5845363E-03
  -10.72000      2.5480662E-03
  -10.71000      2.4110230E-03
  -10.70000      2.1761335E-03
  -10.69000      1.8581523E-03
  -10.68000      1.4883475E-03
  -10.67000      1.1021023E-03
  -10.66000      7.4484822E-04
  -10.65000      4.5046382E-04
  -10.64000      2.4942998E-04
  -10.63000      1.5068350E-04
  -10.62000      1.4791964E-04
  -10.61000      2.1790824E-04
  -10.60000      3.2612955E-04
  -10.59000      4.3539374E-04
  -10.58000      5.1306875E-04
  -10.57000      5.4002280E-04
  -10.56000      5.1317667E-04
  -10.55000      4.4853025E-04
  -10.54000      3.7396693E-04
  -10.53000      3.2438774E-04
  -10.52000      3.2997574E-04
  -10.51000      4.0997704E-04
  -10.50000      5.6490913E-04
  -10.49000      7.7765778E-04
  -10.48000      1.0154914E-03
  -10.47000      1.2393870E-03
  -10.46000      1.4126962E-03
  -10.45000      1.5097843E-03
  -10.44000      1.5238364E-03
  -10.43000      1.4649327E-03
  -10.42000      1.3590029E-03
  -10.41000      1.2369665E-03
  -10.40000      1.1276127E-03
  -10.39000      1.0475290E-03
  -10.38000      1.0000938E-03
  -10.37000      9.7295886E-04
  -10.36000      9.4872765E-04
  -10.35000      9.1315678E-04
  -10.34000      8.6542167E-04
  -10.33000      8.2783052E-04
  -10.32000      8.3915761E-04
  -10.31000      9.5830020E-04
  -10.30000      1.2388735E-03
  -10.29000      1.7229700E-03
  -10.28000      2.4179684E-03
  -10.27000      3.2918609E-03
  -10.26000      4.2630113E-03
  -10.25000      5.2256430E-03
  -10.24000      6.0447156E-03
  -10.23000      6.6108094E-03
  -10.22000      6.8276576E-03
  -10.21000      6.6667856E-03
  -10.20000      6.1483178E-03
  -10.19000      5.3508095E-03
  -10.18000      4.3866760E-03
  -10.17000      3.3923953E-03
  -10.16000      2.4852382E-03
  -10.15000      1.7601844E-03
  -10.14000      1.2616902E-03
  -10.13000      9.8838576E-04
  -10.12000      8.9710334E-04
  -10.11000      9.1883412E-04
  -10.10000      9.8333100E-04
  -10.09000      1.0266041E-03
  -10.08000      1.0129485E-03
  -10.07000      9.3114184E-04
  -10.06000      7.9355692E-04
  -10.05000      6.2821142E-04
  -10.04000      4.6388406E-04
  -10.03000      3.2490373E-04
  -10.02000      2.2376642E-04
  -10.01000      1.6065402E-04
  -10.00000      1.2830285E-04
  -9.990000      1.1607161E-04
  -9.980000      1.1617247E-04
  -9.970000      1.2574461E-04
  -9.960000      1.4603967E-04
  -9.950000      1.7931803E-04
  -9.940000      2.2471377E-04
  -9.930000      2.7538775E-04
  -9.920000      3.1858718E-04
  -9.910000      3.3925305E-04
  -9.900000      3.2566517E-04
  -9.890000      2.7528571E-04
  -9.880000      1.9829509E-04
  -9.870000      1.1675779E-04
  -9.860000      5.8961454E-05
  -9.850000      5.0294733E-05
  -9.840000      1.0356043E-04
  -9.830000      2.1207963E-04
  -9.820000      3.4864014E-04
  -9.810000      4.7215549E-04
  -9.800000      5.4075150E-04
  -9.790000      5.2833121E-04
  -9.780000      4.3940882E-04
  -9.770000      3.1697331E-04
  -9.760000      2.3960797E-04
  -9.750000      3.0680880E-04
  -9.740000      6.1514432E-04
  -9.730000      1.2298358E-03
  -9.720000      2.1610009E-03
  -9.710000      3.3491298E-03
  -9.700000      4.6654125E-03
  -9.690000      5.9322314E-03
  -9.680000      6.9550062E-03
  -9.670000      7.5640092E-03
  -9.660000      7.6491362E-03
  -9.650000      7.1875276E-03
  -9.640000      6.2486785E-03
  -9.630000      4.9819644E-03
  -9.620000      3.5853742E-03
  -9.610000      2.2653551E-03
  -9.600000      1.1969685E-03
  -9.590000      4.8875820E-04
  -9.580000      1.6725832E-04
  -9.570000      1.7980409E-04
  -9.560000      4.1532097E-04
  -9.550000      7.3714770E-04
  -9.540000      1.0183792E-03
  -9.530000      1.1701240E-03
  -9.520000      1.1573250E-03
  -9.510000      9.9822425E-04
  -9.500000      7.5095647E-04
  -9.490000      4.9090764E-04
  -9.480000      2.8616836E-04
  -9.470000      1.7852112E-04
  -9.460000      1.7437959E-04
  -9.450000      2.4759042E-04
  -9.440000      3.5164109E-04
  -9.430000      4.3710065E-04
  -9.420000      4.6792082E-04
  -9.410000      4.3160637E-04
  -9.400000      3.4141800E-04
  -9.390000      2.2978983E-04
  -9.380000      1.3606805E-04
  -9.370000      9.2922957E-05
  -9.360000      1.1583238E-04
  -9.350000      1.9878110E-04
  -9.340000      3.1732727E-04
  -9.330000      4.3750164E-04
  -9.320000      5.2723434E-04
  -9.310000      5.6651671E-04
  -9.300000      5.5273692E-04
  -9.290000      5.0065940E-04
  -9.280000      4.3652026E-04
  -9.270000      3.8928573E-04
  -9.260000      3.8186199E-04
  -9.250000      4.2531351E-04
  -9.240000      5.1808503E-04
  -9.230000      6.4972695E-04
  -9.220000      8.0761925E-04
  -9.210000      9.8383229E-04
  -9.200000      1.1786243E-03
  -9.190000      1.4001839E-03
  -9.180000      1.6592222E-03
  -9.170000      1.9613483E-03
  -9.160000      2.2995428E-03
  -9.150000      2.6496509E-03
  -9.140000      2.9719886E-03
  -9.130000      3.2184287E-03
  -9.120000      3.3437042E-03
  -9.110000      3.3173093E-03
  -9.100000      3.1322311E-03
  -9.090000      2.8087166E-03
  -9.080000      2.3911190E-03
  -9.070000      1.9373683E-03
  -9.060000      1.5061203E-03
  -9.050000      1.1434098E-03
  -9.040000      8.7312836E-04
  -9.030000      6.9511222E-04
  -9.020000      5.8918697E-04
  -9.010000      5.2549189E-04
  -9.000000      4.7591794E-04
  -8.990000      4.2340919E-04
  -8.980000      3.6636228E-04
  -8.970000      3.1654211E-04
  -8.960000      2.9198069E-04
  -8.950000      3.0763526E-04
  -8.940000      3.6760687E-04
  -8.930000      4.6209819E-04
  -8.920000      5.7060027E-04
  -8.910000      6.7002425E-04
  -8.900000      7.4498268E-04
  -8.890000      7.9598476E-04
  -8.880000      8.4200030E-04
  -8.870000      9.1545016E-04
  -8.860000      1.0504599E-03
  -8.850000      1.2679945E-03
  -8.840000      1.5629668E-03
  -8.830000      1.8983796E-03
  -8.820000      2.2097763E-03
  -8.810000      2.4214934E-03
  -8.800000      2.4679410E-03
  -8.790000      2.3159648E-03
  -8.780000      1.9806174E-03
  -8.770000      1.5286840E-03
  -8.760000      1.0663066E-03
  -8.750000      7.1467255E-04
  -8.740000      5.7902490E-04
  -8.730000      7.1956503E-04
  -8.720000      1.1346781E-03
  -8.710000      1.7608508E-03
  -8.700000      2.4910916E-03
  -8.690000      3.2070281E-03
  -8.680000      3.8142500E-03
  -8.670000      4.2710016E-03
  -8.660000      4.5992164E-03
  -8.650000      4.8737810E-03
  -8.640000      5.1937927E-03
  -8.630000      5.6412523E-03
  -8.620000      6.2426575E-03
  -8.610000      6.9462354E-03
  -8.600000      7.6219314E-03
  -8.590000      8.0916984E-03
  -8.580000      8.1777498E-03
  -8.570000      7.7601820E-03
  -8.560000      6.8235067E-03
  -8.550000      5.4763914E-03
  -8.540000      3.9398838E-03
  -8.530000      2.4996134E-03
  -8.520000      1.4335596E-03
  -8.510000      9.3850872E-04
  -8.500000      1.0715417E-03
  -8.490000      1.7285745E-03
  -8.480000      2.6669502E-03
  -8.470000      3.5701741E-03
  -8.460000      4.1361931E-03
  -8.450000      4.1652438E-03
  -8.440000      3.6220266E-03
  -8.430000      2.6512372E-03
  -8.420000      1.5401155E-03
  -8.410000      6.3878827E-04
  -8.400000      2.5506690E-04
  -8.390000      5.5487774E-04
  -8.380000      1.5043941E-03
  -8.370000      2.8681129E-03
  -8.360000      4.2689685E-03
  -8.350000      5.2983416E-03
  -8.340000      5.6393105E-03
  -8.330000      5.1742163E-03
  -8.320000      4.0371185E-03
  -8.310000      2.5932905E-03
  -8.300000      1.3453679E-03
  -8.290000      7.8640081E-04
  -8.280000      1.2402404E-03
  -8.270000      2.7384863E-03
  -8.260000      4.9782279E-03
  -8.250000      7.3726233E-03
  -8.240000      9.2034871E-03
  -8.230000      9.8346090E-03
  -8.220000      8.9332564E-03
  -8.210000      6.6476506E-03
  -8.200000      3.6782436E-03
  -8.190000      1.2115014E-03
  -8.180000      7.1368227E-04
  -8.170000      3.6256663E-03
  -8.160000      1.1022945E-02
  -8.150000      2.3313543E-02
  -8.140000      4.0053587E-02
  -8.130000      5.9929498E-02
  -8.120000      8.0907166E-02
  -8.110000      0.1005546    
  -8.100000      0.1164098    
  -8.090000      0.1264281    
  -8.080000      0.1293574    
  -8.070000      0.1249161    
  -8.060000      0.1138356    
  -8.050000      9.7692825E-02
  -8.040000      7.8606814E-02
  -8.030000      5.8860965E-02
  -8.020000      4.0502567E-02
  -8.010000      2.5080422E-02
  -8.000000      1.3476637E-02
  -7.990000      5.8615501E-03
  -7.980000      1.7971137E-03
  -7.970000      4.3515937E-04
  -7.960000      7.5644732E-04
  -7.950000      1.7946832E-03
  -7.940000      2.8051476E-03
  -7.930000      3.3498032E-03
  -7.920000      3.2957653E-03
  -7.910000      2.7458048E-03
  -7.900000      1.9355569E-03
  -7.890000      1.1256412E-03
  -7.880000      5.1787455E-04
  -7.870000      2.0827440E-04
  -7.860000      1.8434160E-04
  -7.850000      3.5382182E-04
  -7.840000      5.9091445E-04
  -7.830000      7.8199583E-04
  -7.820000      8.5747568E-04
  -7.810000      8.0284983E-04
  -7.800000      6.5042224E-04
  -7.790000      4.5899543E-04
  -7.780000      2.8934787E-04
  -7.770000      1.8498064E-04
  -7.760000      1.6225074E-04
  -7.750000      2.1120577E-04
  -7.740000      3.0439012E-04
  -7.730000      4.0841772E-04
  -7.720000      4.9404119E-04
  -7.710000      5.4199481E-04
  -7.700000      5.4433552E-04
  -7.690000      5.0352380E-04
  -7.680000      4.3195349E-04
  -7.670000      3.5394187E-04
  -7.660000      3.0999922E-04
  -7.650000      3.6115118E-04
  -7.640000      5.9018622E-04
  -7.630000      1.0958620E-03
  -7.620000      1.9769992E-03
  -7.610000      3.3111759E-03
  -7.600000      5.1254835E-03
  -7.590000      7.3761768E-03
  -7.580000      9.9330228E-03
  -7.570000      1.2582835E-02
  -7.560000      1.5054125E-02
  -7.550000      1.7057087E-02
  -7.540000      1.8332835E-02
  -7.530000      1.8701153E-02
  -7.520000      1.8100124E-02
  -7.510000      1.6596448E-02
  -7.500000      1.4377055E-02
  -7.490000      1.1714389E-02
  -7.480000      8.9211510E-03
  -7.470000      6.2948596E-03
  -7.460000      4.0705451E-03
  -7.450000      2.3893162E-03
  -7.440000      1.2858389E-03
  -7.430000      6.9989247E-04
  -7.420000      5.0410687E-04
  -7.410000      5.4153119E-04
  -7.400000      6.6375727E-04
  -7.390000      7.5900316E-04
  -7.380000      7.6629012E-04
  -7.370000      6.7581475E-04
  -7.360000      5.1617756E-04
  -7.350000      3.3543952E-04
  -7.340000      1.8115398E-04
  -7.330000      8.5049644E-05
  -7.320000      5.6185956E-05
  -7.310000      8.2127495E-05
  -7.300000      1.3694832E-04
  -7.290000      1.9213026E-04
  -7.280000      2.2628298E-04
  -7.270000      2.3122206E-04
  -7.260000      2.1260712E-04
  -7.250000      1.8608361E-04
  -7.240000      1.7046036E-04
  -7.230000      1.8051955E-04
  -7.220000      2.2200870E-04
  -7.210000      2.8986132E-04
  -7.200000      3.7016039E-04
  -7.190000      4.4480633E-04
  -7.180000      4.9713085E-04
  -7.170000      5.1657925E-04
  -7.160000      5.0117553E-04
  -7.150000      4.5744854E-04
  -7.140000      3.9810670E-04
  -7.130000      3.3804146E-04
  -7.120000      2.9067573E-04
  -7.110000      2.6520883E-04
  -7.100000      2.6549542E-04
  -7.090000      2.9081726E-04
  -7.080000      3.3768863E-04
  -7.070000      4.0207378E-04
  -7.060000      4.8109324E-04
  -7.050000      5.7355914E-04
  -7.040000      6.7930820E-04
  -7.030000      7.9792959E-04
  -7.020000      9.2682068E-04
  -7.010000      1.0601352E-03
  -7.000000      1.1884217E-03
  -6.990000      1.2996038E-03
  -6.980000      1.3807109E-03
  -6.970000      1.4204328E-03
  -6.960000      1.4113459E-03
  -6.950000      1.3513926E-03
  -6.940000      1.2446604E-03
  -6.930000      1.1009309E-03
  -6.920000      9.3373819E-04
  -6.910000      7.5835513E-04
  -6.900000      5.8947620E-04
  -6.890000      4.3894985E-04
  -6.880000      3.1451261E-04
  -6.870000      2.1932588E-04
  -6.860000      1.5248984E-04
  -6.850000      1.1011752E-04
  -6.840000      8.6749278E-05
  -6.830000      7.6635828E-05
  -6.820000      7.4810145E-05
  -6.810000      7.7533412E-05
  -6.800000      8.2320308E-05
  -6.790000      8.7697379E-05
  -6.780000      9.2936782E-05
  -6.770000      9.7903598E-05
  -6.760000      1.0333175E-04
  -6.750000      1.1137772E-04
  -6.740000      1.2615985E-04
  -6.730000      1.5399240E-04
  -6.720000      2.0296896E-04
  -6.710000      2.8158654E-04
  -6.700000      3.9649502E-04
  -6.690000      5.4977013E-04
  -6.680000      7.3654152E-04
  -6.670000      9.4366446E-04
  -6.660000      1.1502160E-03
  -6.650000      1.3302169E-03
  -6.640000      1.4574066E-03
  -6.630000      1.5107645E-03
  -6.620000      1.4799524E-03
  -6.610000      1.3687906E-03
  -6.600000      1.1961227E-03
  -6.590000      9.9259417E-04
  -6.580000      7.9475832E-04
  -6.570000      6.3717930E-04
  -6.560000      5.4506952E-04
  -6.550000      5.2903715E-04
  -6.540000      5.8427773E-04
  -6.530000      6.9390016E-04
  -6.520000      8.3550875E-04
  -6.510000      9.8961114E-04
  -6.500000      1.1463967E-03
  -6.490000      1.3088157E-03
  -6.480000      1.4903195E-03
  -6.470000      1.7077838E-03
  -6.460000      1.9712870E-03
  -6.450000      2.2743831E-03
  -6.440000      2.5890386E-03
  -6.430000      2.8657776E-03
  -6.420000      3.0431168E-03
  -6.410000      3.0630871E-03
  -6.400000      2.8882637E-03
  -6.390000      2.5173218E-03
  -6.380000      1.9922371E-03
  -6.370000      1.3935399E-03
  -6.360000      8.2466967E-04
  -6.350000      3.8748188E-04
  -6.340000      1.5617012E-04
  -6.330000      1.5623348E-04
  -6.320000      3.5495521E-04
  -6.310000      6.6820573E-04
  -6.300000      9.8261947E-04
  -6.290000      1.1877116E-03
  -6.280000      1.2105590E-03
  -6.270000      1.0418952E-03
  -6.260000      7.4512331E-04
  -6.250000      4.4351214E-04
  -6.240000      2.8912758E-04
  -6.230000      4.1896570E-04
  -6.220000      9.1146544E-04
  -6.210000      1.7559639E-03
  -6.200000      2.8444768E-03
  -6.190000      3.9911550E-03
  -6.180000      4.9751750E-03
  -6.170000      5.5983216E-03
  -6.160000      5.7402337E-03
  -6.150000      5.3935610E-03
  -6.140000      4.6715573E-03
  -6.130000      3.7783510E-03
  -6.120000      2.9548202E-03
  -6.110000      2.4075788E-03
  -6.100000      2.2461344E-03
  -6.090000      2.4464126E-03
  -6.080000      2.8543968E-03
  -6.070000      3.2326956E-03
  -6.060000      3.3448529E-03
  -6.050000      3.0524884E-03
  -6.040000      2.3975682E-03
  -6.030000      1.6475209E-03
  -6.020000      1.2819805E-03
  -6.010000      1.9165220E-03
  -6.000000      4.1747326E-03
  -5.990000      8.5334675E-03
  -5.980000      1.5181735E-02
  -5.970000      2.3910638E-02
  -5.960000      3.4099057E-02
  -5.950000      4.4766784E-02
  -5.940000      5.4724302E-02
  -5.930000      6.2767312E-02
  -5.920000      6.7872792E-02
  -5.910000      6.9393374E-02
  -5.900000      6.7152500E-02
  -5.890000      6.1477371E-02
  -5.880000      5.3133536E-02
  -5.870000      4.3180969E-02
  -5.860000      3.2794919E-02
  -5.850000      2.3058839E-02
  -5.840000      1.4799739E-02
  -5.830000      8.5071912E-03
  -5.820000      4.2972229E-03
  -5.810000      1.9654508E-03
  -5.800000      1.0895834E-03
  -5.790000      1.1541556E-03
  -5.780000      1.6639282E-03
  -5.770000      2.2289653E-03
  -5.760000      2.6069537E-03
  -5.750000      2.7036190E-03
  -5.740000      2.5391104E-03
  -5.730000      2.1979182E-03
  -5.720000      1.7815034E-03
  -5.710000      1.3724146E-03
  -5.700000      1.0191470E-03
  -5.690000      7.3875784E-04
  -5.680000      5.2955846E-04
  -5.670000      3.8545160E-04
  -5.660000      3.0448605E-04
  -5.650000      2.8866963E-04
  -5.640000      3.3678388E-04
  -5.630000      4.3596496E-04
  -5.620000      5.5740820E-04
  -5.610000      6.6081394E-04
  -5.600000      7.0718536E-04
  -5.590000      6.7527930E-04
  -5.580000      5.7459518E-04
  -5.570000      4.4773912E-04
  -5.560000      3.5884179E-04
  -5.550000      3.6936867E-04
  -5.540000      5.0922186E-04
  -5.530000      7.5435103E-04
  -5.520000      1.0233625E-03
  -5.510000      1.1994765E-03
  -5.500000      1.1769476E-03
  -5.490000      9.2220027E-04
  -5.480000      5.2966067E-04
  -5.470000      2.5386547E-04
  -5.460000      4.9809046E-04
  -5.450000      1.7523965E-03
  -5.440000      4.4885678E-03
  -5.430000      9.0246564E-03
  -5.420000      1.5402263E-02
  -5.410000      2.3306370E-02
  -5.400000      3.2052383E-02
  -5.390000      4.0661287E-02
  -5.380000      4.8017114E-02
  -5.370000      5.3057272E-02
  -5.360000      5.4981336E-02
  -5.350000      5.3427782E-02
  -5.340000      4.8560452E-02
  -5.330000      4.1061021E-02
  -5.320000      3.2014377E-02
  -5.310000      2.2690292E-02
  -5.300000      1.4312251E-02
  -5.290000      7.8199962E-03
  -5.280000      3.7117149E-03
  -5.270000      1.9903383E-03
  -5.260000      2.2166399E-03
  -5.250000      3.6554844E-03
  -5.240000      5.4681906E-03
  -5.230000      6.9117746E-03
  -5.220000      7.4975863E-03
  -5.210000      7.0669032E-03
  -5.200000      5.7805493E-03
  -5.190000      4.0242872E-03
  -5.180000      2.2712969E-03
  -5.170000      9.3361572E-04
  -5.160000      2.5371450E-04
  -5.150000      2.5555617E-04
  -5.140000      7.6335738E-04
  -5.130000      1.4773817E-03
  -5.120000      2.0784033E-03
  -5.110000      2.3300247E-03
  -5.100000      2.1457761E-03
  -5.090000      1.6052912E-03
  -5.080000      9.1708679E-04
  -5.070000      3.4172001E-04
  -5.060000      1.0395742E-04
  -5.050000      3.2015247E-04
  -5.040000      9.6374052E-04
  -5.030000      1.8744562E-03
  -5.020000      2.8093972E-03
  -5.010000      3.5194114E-03
  -5.000000      3.8226999E-03
  -4.990000      3.6575850E-03
  -4.980000      3.0951826E-03
  -4.970000      2.3145082E-03
  -4.960000      1.5432454E-03
  -4.950000      9.8948216E-04
  -4.940000      7.8555226E-04
  -4.930000      9.5367216E-04
  -4.920000      1.4096019E-03
  -4.910000      1.9953153E-03
  -4.900000      2.5321844E-03
  -4.890000      2.8748717E-03
  -4.880000      2.9499468E-03
  -4.870000      2.7693752E-03
  -4.860000      2.4144000E-03
  -4.850000      2.0004215E-03
  -4.840000      1.6360236E-03
  -4.830000      1.3891596E-03
  -4.820000      1.2714354E-03
  -4.810000      1.2450875E-03
  -4.800000      1.2469214E-03
  -4.790000      1.2196549E-03
  -4.780000      1.1379323E-03
  -4.770000      1.0189371E-03
  -4.760000      9.1399159E-04
  -4.750000      8.8447763E-04
  -4.740000      9.7183941E-04
  -4.730000      1.1746214E-03
  -4.720000      1.4405861E-03
  -4.710000      1.6796582E-03
  -4.700000      1.7937185E-03
  -4.690000      1.7135477E-03
  -4.680000      1.4291998E-03
  -4.670000      1.0017067E-03
  -4.660000      5.5189017E-04
  -4.650000      2.2443414E-04
  -4.640000      1.4361172E-04
  -4.630000      3.7120076E-04
  -4.620000      8.8160485E-04
  -4.610000      1.5653463E-03
  -4.600000      2.2606247E-03
  -4.590000      2.8040865E-03
  -4.580000      3.0840936E-03
  -4.570000      3.0800926E-03
  -4.560000      2.8718214E-03
  -4.550000      2.6141112E-03
  -4.540000      2.4853286E-03
  -4.530000      2.6239923E-03
  -4.520000      3.0760709E-03
  -4.510000      3.7684513E-03
  -4.500000      4.5242556E-03
  -4.490000      5.1134326E-03
  -4.480000      5.3291991E-03
  -4.470000      5.0636460E-03
  -4.460000      4.3566930E-03
  -4.450000      3.4058467E-03
  -4.440000      2.5226560E-03
  -4.430000      2.0510487E-03
  -4.420000      2.2707530E-03
  -4.410000      3.3085444E-03
  -4.400000      5.0903251E-03
  -4.390000      7.3448294E-03
  -4.380000      9.6657975E-03
  -4.370000      1.1611986E-02
  -4.360000      1.2820161E-02
  -4.350000      1.3095587E-02
  -4.340000      1.2456733E-02
  -4.330000      1.1115193E-02
  -4.320000      9.4082057E-03
  -4.310000      7.6990169E-03
  -4.300000      6.2779877E-03
  -4.290000      5.2916575E-03
  -4.280000      4.7225002E-03
  -4.270000      4.4254791E-03
  -4.260000      4.2003440E-03
  -4.250000      3.8826365E-03
  -4.240000      3.4139936E-03
  -4.230000      2.8693757E-03
  -4.220000      2.4303119E-03
  -4.210000      2.3121077E-03
  -4.200000      2.6697421E-03
  -4.190000      3.5201628E-03
  -4.180000      4.7023091E-03
  -4.170000      5.9050852E-03
  -4.160000      6.7521818E-03
  -4.150000      6.9220751E-03
  -4.140000      6.2674703E-03
  -4.130000      4.8882701E-03
  -4.120000      3.1316234E-03
  -4.110000      1.5147506E-03
  -4.100000      5.8175687E-04
  -4.090000      7.3788379E-04
  -4.080000      2.1136666E-03
  -4.070000      4.4996939E-03
  -4.060000      7.3894425E-03
  -4.050000      1.0121355E-02
  -4.040000      1.2075712E-02
  -4.030000      1.2888232E-02
  -4.020000      1.2589198E-02
  -4.010000      1.1633700E-02
  -4.000000      1.0789685E-02
  -3.990000      1.0906484E-02
  -3.980000      1.2626710E-02
  -3.970000      1.6113456E-02
  -3.960000      2.0901477E-02
  -3.950000      2.5928635E-02
  -3.940000      2.9755605E-02
  -3.930000      3.0976830E-02
  -3.920000      2.8707512E-02
  -3.910000      2.3020361E-02
  -3.900000      1.5225660E-02
  -3.890000      7.8950394E-03
  -3.880000      4.5508598E-03
  -3.870000      9.0916445E-03
  -3.860000      2.4998430E-02
  -3.850000      5.4540716E-02
  -3.840000      9.8055467E-02
  -3.830000      0.1536032    
  -3.820000      0.2169872    
  -3.810000      0.2822544    
  -3.800000      0.3424424    
  -3.790000      0.3906462    
  -3.780000      0.4211212    
  -3.770000      0.4301561    
  -3.760000      0.4167184    
  -3.750000      0.3825868    
  -3.740000      0.3320753    
  -3.730000      0.2712827    
  -3.720000      0.2070936    
  -3.710000      0.1460932    
  -3.700000      9.3653455E-02
  -3.690000      5.3277634E-02
  -3.680000      2.6322613E-02
  -3.670000      1.2074741E-02
  -3.660000      8.1786634E-03
  -3.650000      1.1290669E-02
  -3.640000      1.7794760E-02
  -3.630000      2.4477396E-02
  -3.620000      2.9027360E-02
  -3.610000      3.0271659E-02
  -3.600000      2.8143235E-02
  -3.590000      2.3442164E-02
  -3.580000      1.7461598E-02
  -3.570000      1.1580123E-02
  -3.560000      6.9133118E-03
  -3.550000      4.0807566E-03
  -3.540000      3.1511651E-03
  -3.530000      3.7133603E-03
  -3.520000      5.0711553E-03
  -3.510000      6.4746803E-03
  -3.500000      7.3311874E-03
  -3.490000      7.3355497E-03
  -3.480000      6.5021198E-03
  -3.470000      5.1055965E-03
  -3.460000      3.5523768E-03
  -3.450000      2.2326901E-03
  -3.440000      1.4013759E-03
  -3.430000      1.1145867E-03
  -3.420000      1.2411303E-03
  -3.410000      1.5363340E-03
  -3.400000      1.7507202E-03
  -3.390000      1.7310503E-03
  -3.380000      1.4825574E-03
  -3.370000      1.1690675E-03
  -3.360000      1.0530036E-03
  -3.350000      1.3954738E-03
  -3.340000      2.3501934E-03
  -3.330000      3.8913533E-03
  -3.320000      5.7960143E-03
  -3.310000      7.6998579E-03
  -3.300000      9.2026480E-03
  -3.290000      9.9968892E-03
  -3.280000      9.9769384E-03
  -3.270000      9.2906086E-03
  -3.260000      8.3174026E-03
  -3.250000      7.5665717E-03
  -3.240000      7.5291004E-03
  -3.230000      8.5184779E-03
  -3.220000      1.0556331E-02
  -3.210000      1.3338166E-02
  -3.200000      1.6290931E-02
  -3.190000      1.8715128E-02
  -3.180000      1.9964207E-02
  -3.170000      1.9635363E-02
  -3.160000      1.7680895E-02
  -3.150000      1.4437412E-02
  -3.140000      1.0542979E-02
  -3.130000      6.7731803E-03
  -3.120000      3.8379817E-03
  -3.110000      2.1945722E-03
  -3.100000      1.9411934E-03
  -3.090000      2.8070488E-03
  -3.080000      4.2499830E-03
  -3.070000      5.6260116E-03
  -3.060000      6.3796309E-03
  -3.050000      6.2098745E-03
  -3.040000      5.1489123E-03
  -3.030000      3.5368034E-03
  -3.020000      1.9032526E-03
  -3.010000      7.9338928E-04
  -3.000000      5.9046230E-04
  -2.990000      1.3926735E-03
  -2.980000      2.9824413E-03
  -2.970000      4.8946431E-03
  -2.960000      6.5575810E-03
  -2.950000      7.4749691E-03
  -2.940000      7.3839929E-03
  -2.930000      6.3374625E-03
  -2.920000      4.6918448E-03
  -2.910000      2.9976945E-03
  -2.900000      1.8295822E-03
  -2.890000      1.6096437E-03
  -2.880000      2.4757043E-03
  -2.870000      4.2384840E-03
  -2.860000      6.4306147E-03
  -2.850000      8.4478203E-03
  -2.840000      9.7293034E-03
  -2.830000      9.9287452E-03
  -2.820000      9.0177776E-03
  -2.810000      7.2976155E-03
  -2.800000      5.3170961E-03
  -2.790000      3.7180744E-03
  -2.780000      3.0569406E-03
  -2.770000      3.6573955E-03
  -2.760000      5.5297920E-03
  -2.750000      8.3747981E-03
  -2.740000      1.1670111E-02
  -2.730000      1.4815512E-02
  -2.720000      1.7280506E-02
  -2.710000      1.8723436E-02
  -2.700000      1.9044947E-02
  -2.690000      1.8371906E-02
  -2.680000      1.6988391E-02
  -2.670000      1.5237735E-02
  -2.660000      1.3429026E-02
  -2.650000      1.1779714E-02
  -2.640000      1.0398494E-02
  -2.630000      9.3015237E-03
  -2.620000      8.4540127E-03
  -2.610000      7.8089400E-03
  -2.600000      7.3283245E-03
  -2.590000      6.9803530E-03
  -2.580000      6.7215092E-03
  -2.570000      6.4785667E-03
  -2.560000      6.1451010E-03
  -2.550000      5.6052557E-03
  -2.540000      4.7797235E-03
  -2.530000      3.6780522E-03
  -2.520000      2.4306849E-03
  -2.510000      1.2832666E-03
  -2.500000      5.4510898E-04
  -2.490000      4.9747602E-04
  -2.480000      1.2911786E-03
  -2.470000      2.8703760E-03
  -2.460000      4.9526789E-03
  -2.450000      7.0920270E-03
  -2.440000      8.8070836E-03
  -2.430000      9.7497143E-03
  -2.420000      9.8516606E-03
  -2.410000      9.3910303E-03
  -2.400000      8.9485049E-03
  -2.390000      9.2496956E-03
  -2.380000      1.0920295E-02
  -2.370000      1.4241055E-02
  -2.360000      1.8962504E-02
  -2.350000      2.4281586E-02
  -2.340000      2.8992549E-02
  -2.330000      3.1801149E-02
  -2.320000      3.1738579E-02
  -2.310000      2.8517123E-02
  -2.300000      2.2749443E-02
  -2.290000      1.5931020E-02
  -2.280000      1.0177212E-02
  -2.270000      7.7322330E-03
  -2.260000      1.0370776E-02
  -2.250000      1.8871004E-02
  -2.240000      3.2703802E-02
  -2.230000      5.0050981E-02
  -2.220000      6.8154551E-02
  -2.210000      8.3941825E-02
  -2.200000      9.4692342E-02
  -2.190000      9.8649614E-02
  -2.180000      9.5407225E-02
  -2.170000      8.5994989E-02
  -2.160000      7.2525956E-02
  -2.150000      5.7637043E-02
  -2.140000      4.3755673E-02
  -2.130000      3.2525994E-02
  -2.120000      2.4552826E-02
  -2.110000      1.9454828E-02
  -2.100000      1.6259667E-02
  -2.090000      1.3902286E-02
  -2.080000      1.1707164E-02
  -2.070000      9.6713100E-03
  -2.060000      8.4429113E-03
  -2.050000      8.9998469E-03
  -2.040000      1.2137718E-02
  -2.030000      1.7962635E-02
  -2.020000      2.5594754E-02
  -2.010000      3.3229951E-02
  -2.000000      3.8601998E-02
  -1.990000      3.9736941E-02
  -1.980000      3.5749860E-02
  -1.970000      2.7345670E-02
  -1.960000      1.6855203E-02
  -1.950000      7.7065229E-03
  -1.940000      3.4863988E-03
  -1.930000      6.7949197E-03
  -1.920000      1.8150831E-02
  -1.910000      3.5523180E-02
  -1.900000      5.4584730E-02
  -1.890000      6.9864720E-02
  -1.880000      7.6547712E-02
  -1.870000      7.2297730E-02
  -1.860000      5.8145866E-02
  -1.850000      3.8355220E-02
  -1.840000      2.0226564E-02
  -1.830000      1.2715129E-02
  -1.820000      2.3043685E-02
  -1.810000      5.2540638E-02
  -1.800000      9.3935512E-02
  -1.790000      0.1347032    
  -1.780000      0.1670281    
  -1.770000      0.1834341    
  -1.760000      0.1756520    
  -1.750000      0.1337748    
  -1.740000      6.6820964E-02
  -1.730000      1.1407972E-02
  -1.720000      1.3466538E-02
  -1.710000      0.1233901    
  -1.700000      0.3824587    
  -1.690000      0.7427134    
  -1.680000       1.236923    
  -1.670000       2.179023    
  -1.660000       3.391523    
  -1.650000       3.969482    
  -1.640000       3.988471    
  -1.630000       3.984685    
  -1.620000       4.070985    
  -1.610000       4.166864    
  -1.600000       4.584231    
  -1.590000       4.857752    
  -1.580000       4.116872    
  -1.570000       3.457220    
  -1.560000       2.518705    
  -1.550000       1.408535    
  -1.540000      0.7076547    
  -1.530000      0.5042353    
  -1.520000      0.2613539    
  -1.510000      5.3233374E-02
  -1.500000      2.0656733E-02
  -1.490000      7.4733384E-02
  -1.480000      0.1913786    
  -1.470000      0.2964402    
  -1.460000      0.2658209    
  -1.450000      0.1665480    
  -1.440000      9.7779945E-02
  -1.430000      6.3908190E-02
  -1.420000      4.0869039E-02
  -1.410000      1.9605335E-02
  -1.400000      5.6467336E-03
  -1.390000      9.6280882E-03
  -1.380000      2.1629587E-02
  -1.370000      3.3243660E-02
  -1.360000      7.6360658E-02
  -1.350000      0.1258299    
  -1.340000      0.1072420    
  -1.330000      6.5911174E-02
  -1.320000      3.1286277E-02
  -1.310000      1.2718376E-02
  -1.300000      5.3666346E-03
  -1.290000      2.5470713E-03
  -1.280000      7.4756024E-03
  -1.270000      4.0935189E-02
  -1.260000      7.9330936E-02
  -1.250000      4.9416013E-02
  -1.240000      2.5040029E-02
  -1.230000      1.8752841E-02
  -1.220000      1.2833755E-02
  -1.210000      8.0863526E-03
  -1.200000      8.2883155E-03
  -1.190000      1.3915834E-02
  -1.180000      2.1210790E-02
  -1.170000      2.0053176E-02
  -1.160000      1.1443811E-02
  -1.150000      5.8185221E-03
  -1.140000      3.8515562E-03
  -1.130000      4.9144300E-03
  -1.120000      9.6426792E-03
  -1.110000      1.2951511E-02
  -1.100000      2.0728862E-02
  -1.090000      2.7216455E-02
  -1.080000      1.6958790E-02
  -1.070000      5.3666933E-03
  -1.060000      3.8036448E-03
  -1.050000      3.6713229E-03
  -1.040000      4.1950517E-03
  -1.030000      5.3417649E-02
  -1.020000      0.2050921    
  -1.010000      0.1311184    
  -1.000000      5.0734516E-02
 -0.9900000      5.0932243E-02
 -0.9800000      1.6268974E-02
 -0.9700000      5.3140959E-03
 -0.9600000      3.8077154E-03
 -0.9500000      1.9944336E-03
 -0.9400000      8.5797376E-04
 -0.9300000      2.7295656E-03
 -0.9200000      8.8393567E-03
 -0.9100000      6.8274462E-03
 -0.9000000      3.1147506E-03
 -0.8900000      1.5351581E-03
 -0.8800000      9.8875316E-04
 -0.8700000      1.2186382E-03
 -0.8600000      1.9905807E-03
 -0.8500000      5.9321378E-03
 -0.8400000      8.0034444E-03
 -0.8300000      1.6616022E-03
 -0.8200000      1.1151784E-04
 -0.8100000      7.6032506E-05
 -0.8000000      1.3364479E-04
 -0.7900000      2.0476004E-04
 -0.7800000      2.6851529E-04
 -0.7700000      5.5903039E-04
 -0.7600000      1.3325172E-03
 -0.7500000      1.7088329E-03
 -0.7400000      2.9821100E-03
 -0.7300000      2.0213928E-03
 -0.7200000      1.6216519E-03
 -0.7100000      8.4275630E-04
 -0.7000000      6.0353749E-03
 -0.6900000      2.6729282E-02
 -0.6800000      9.3369251E-03
 -0.6700000      2.8256484E-04
 -0.6600000      1.2025578E-03
 -0.6500000      8.4653136E-04
 -0.6400000      1.0569260E-03
 -0.6300000      2.0628090E-03
 -0.6200000      1.3338687E-03
 -0.6100000      4.9295393E-04
 -0.6000000      2.7087606E-03
 -0.5900000      1.3323930E-02
 -0.5800000      6.4231232E-03
 -0.5700000      3.1733688E-04
 -0.5600000      6.8958056E-05
 -0.5500000      3.7714851E-04
 -0.5400000      5.1432766E-04
 -0.5300000      3.9030836E-04
 -0.5200000      2.4158922E-04
 -0.5100000      2.0089642E-04
 -0.5000000      2.3724801E-04
 -0.4900000      1.2156110E-03
 -0.4800000      2.1199007E-03
 -0.4700000      4.4371383E-04
 -0.4600000      9.4256720E-05
 -0.4500000      8.3778694E-05
 -0.4400000      7.2700823E-05
 -0.4300000      5.3374886E-05
 -0.4200000      3.5567486E-05
 -0.4100000      7.0112212E-05
 -0.4000000      4.2492987E-04
 -0.3900000      4.1286735E-04
 -0.3800000      5.6376528E-05
 -0.3700000      2.8809402E-05
 -0.3600000      4.5706805E-05
 -0.3500000      6.2003608E-05
 -0.3400000      7.5560492E-05
 -0.3300000      8.5945336E-05
 -0.3200000      9.2040747E-05
 -0.3100000      9.5136398E-05
 -0.3000000      9.9443299E-05
 -0.2900000      1.1257989E-04
 -0.2800000      1.4563800E-04
 -0.2700000      2.1145494E-04
 -0.2600000      3.2294568E-04
 -0.2500000      4.8997393E-04
 -0.2400000      7.1653101E-04
 -0.2300000      9.9741365E-04
 -0.2200000      1.3171989E-03
 -0.2100000      1.6500974E-03
 -0.2000000      1.9622925E-03
 -0.1900000      2.2161119E-03
 -0.1800000      2.3749818E-03
 -0.1700000      2.4126240E-03
 -0.1600000      2.3177252E-03
 -0.1500000      2.0993955E-03
 -0.1400000      1.7891886E-03
 -0.1300000      1.4686859E-03
 -0.1200000      1.2342716E-03
 -0.1100000      9.0492686E-04
 -0.1000000      7.2496798E-04
 -9.0000004E-02  7.2716596E-04
 -7.9999998E-02  8.7132631E-04
 -7.0000000E-02  1.0761127E-03
 -5.9999999E-02  1.2699510E-03
 -5.0000001E-02  2.2859552E-03
 -3.9999999E-02  1.1367190E-02
 -2.9999999E-02  2.8339602E-02
 -2.0000000E-02  2.1454833E-02
 -9.9999998E-03  1.4110680E-02
  0.0000000E+00  6.2059285E-03
  9.9999998E-03  8.3603486E-03
  2.0000000E-02  1.0631281E-02
  2.9999999E-02  8.8800173E-03
  3.9999999E-02  1.2109064E-02
  5.0000001E-02  1.8276975E-02
  5.9999999E-02  9.0934569E-03
  7.0000000E-02  1.7037555E-03
  7.9999998E-02  9.6571684E-04
  9.0000004E-02  1.2189823E-03
  0.1000000      1.4053875E-03
  0.1100000      4.5816340E-03
  0.1200000      1.1288869E-02
  0.1300000      1.0230864E-02
  0.1400000      6.8358183E-03
  0.1500000      5.9152930E-03
  0.1600000      2.1049606E-03
  0.1700000      4.2955944E-04
  0.1800000      5.1961443E-04
  0.1900000      1.6967803E-03
  0.2000000      9.7823236E-04
  0.2100000      4.7122577E-04
  0.2200000      1.1096896E-03
  0.2300000      2.8386097E-03
  0.2400000      1.9343890E-03
  0.2500000      1.5860376E-03
  0.2600000      1.9038738E-03
  0.2700000      2.2507163E-03
  0.2800000      2.3909041E-03
  0.2900000      2.8432501E-03
  0.3000000      3.3369481E-03
  0.3100000      2.9613595E-03
  0.3200000      3.0563367E-03
  0.3300000      3.2978212E-03
  0.3400000      3.4824815E-03
  0.3500000      3.6097229E-03
  0.3600000      3.8757981E-03
  0.3700000      3.8115957E-03
  0.3800000      3.5116537E-03
  0.3900000      3.4560557E-03
  0.4000000      2.5345280E-03
  0.4100000      1.6117764E-03
  0.4200000      1.0268012E-03
  0.4300000      4.3580492E-04
  0.4400000      7.2116841E-04
  0.4500000      2.5097623E-03
  0.4600000      8.3396584E-03
  0.4700000      1.2130999E-02
  0.4800000      2.9767381E-02
  0.4900000      9.5197260E-02
  0.5000000      7.2206914E-02
  0.5100000      6.2321208E-02
  0.5200000      8.5901618E-02
  0.5300000      0.4050882    
  0.5400000      0.4829151    
  0.5500000      0.2391040    
  0.5600000      0.1318523    
  0.5700000      9.1654614E-02
  0.5800000      0.1342685    
  0.5900000      0.4963373    
  0.6000000      0.5723661    
  0.6100000      0.2292831    
  0.6200000      7.3793806E-02
  0.6300000      4.5396383E-03
  0.6400000     -1.2820697E-03
  0.6500000      8.2358689E-04
  0.6600000      4.6936278E-03
  0.6700000      9.1169160E-03
  0.6800000      1.1327810E-02
  0.6900000      1.2784446E-02
  0.7000000      1.0399089E-02
  0.7100000      8.5233087E-03
  0.7200000      5.3350921E-03
  0.7300000      2.9121060E-03
  0.7400000      1.6799323E-03
  0.7500000      1.0011591E-02
  0.7600000      1.7668594E-02
  0.7700000      2.8740673E-03
  0.7800000      2.8970072E-04
  0.7900000      1.1179838E-03
  0.8000000      4.5177648E-03
  0.8100000      1.4218332E-02
  0.8200000      5.3393110E-03
  0.8300000      1.4144224E-03
  0.8400000      7.4799929E-04
  0.8500000      5.8920158E-04
  0.8600000      1.1828166E-03
  0.8700000      2.4726654E-03
  0.8800000      1.1526891E-03
  0.8900000      1.5998826E-03
  0.9000000      1.5233883E-03
  0.9100000      3.4403291E-03
  0.9200000      3.3679660E-03
  0.9300000      3.7653777E-03
  0.9400000      3.9113844E-03
  0.9500000      9.9491957E-04
  0.9600000      1.2566808E-03
  0.9700000      1.3500632E-03
  0.9800000      1.1115618E-03
  0.9900000      1.0937394E-02
   1.000000      1.4036851E-02
   1.010000      3.1845693E-03
   1.020000      2.7634990E-03
   1.030000      4.0098988E-03
   1.040000      7.8114830E-03
   1.050000      1.4755639E-02
   1.060000      1.8920923E-02
   1.070000      3.0135727E-02
   1.080000      5.5522006E-02
   1.090000      0.1144526    
   1.100000      0.2212172    
   1.110000      0.1562216    
   1.120000      4.0834136E-02
   1.130000      2.3325127E-02
   1.140000      2.3065094E-02
   1.150000      2.8793391E-02
   1.160000      3.7191331E-02
   1.170000      2.9762994E-02
   1.180000      1.9227989E-02
   1.190000      1.3580596E-02
   1.200000      1.7359348E-02
   1.210000      1.7622918E-02
   1.220000      3.2071538E-02
   1.230000      6.3596219E-02
   1.240000      0.1063686    
   1.250000      0.1024897    
   1.260000      4.8872836E-02
   1.270000      2.4177568E-02
   1.280000      1.6432853E-02
   1.290000      1.6301846E-02
   1.300000      1.3873097E-02
   1.310000      1.4864168E-02
   1.320000      1.9262893E-02
   1.330000      2.0609384E-02
   1.340000      2.0827973E-02
   1.350000      2.6423424E-02
   1.360000      3.2055918E-02
   1.370000      3.6533654E-02
   1.380000      3.9224286E-02
   1.390000      3.2340467E-02
   1.400000      1.3680143E-02
   1.410000      2.8404482E-03
   1.420000      6.6618961E-03
   1.430000      2.4990076E-02
   1.440000      4.8817676E-02
   1.450000      4.9227841E-02
   1.460000      3.4306839E-02
   1.470000      3.5322163E-02
   1.480000      5.0264478E-02
   1.490000      5.4881044E-02
   1.500000      3.5097755E-02
   1.510000      1.3048118E-02
   1.520000      5.4134787E-03
   1.530000      8.4387939E-03
   1.540000      2.1899223E-02
   1.550000      4.5846287E-02
   1.560000      7.3778711E-02
   1.570000      9.2410542E-02
   1.580000      0.1150295    
   1.590000      0.1321301    
   1.600000      0.1273874    
   1.610000      0.1119405    
   1.620000      0.1090685    
   1.630000      0.1025216    
   1.640000      7.6367982E-02
   1.650000      4.7597479E-02
   1.660000      2.9877052E-02
   1.670000      2.1001896E-02
   1.680000      1.5912058E-02
   1.690000      1.2742618E-02
   1.700000      1.1053596E-02
   1.710000      1.0790748E-02
   1.720000      1.1834950E-02
   1.730000      1.3130574E-02
   1.740000      1.3373748E-02
   1.750000      1.2262207E-02
   1.760000      1.0689070E-02
   1.770000      9.4284443E-03
   1.780000      7.9277055E-03
   1.790000      5.6411005E-03
   1.800000      3.1777872E-03
   1.810000      1.4445308E-03
   1.820000      7.7588845E-04
   1.830000      1.3687983E-03
   1.840000      3.1973259E-03
   1.850000      5.9581557E-03
   1.860000      9.1784392E-03
   1.870000      1.2193379E-02
   1.880000      1.4283212E-02
   1.890000      1.5070423E-02
   1.900000      1.4652558E-02
   1.910000      1.3488633E-02
   1.920000      1.2314426E-02
   1.930000      1.1954086E-02
   1.940000      1.3001778E-02
   1.950000      1.5546090E-02
   1.960000      1.9112621E-02
   1.970000      2.2768795E-02
   1.980000      2.5321206E-02
   1.990000      2.5731167E-02
   2.000000      2.3568027E-02
   2.010000      1.9269560E-02
   2.020000      1.4148795E-02
   2.030000      1.0202234E-02
   2.040000      9.6749710E-03
   2.050000      1.4506587E-02
   2.060000      2.5784183E-02
   2.070000      4.3347776E-02
   2.080000      6.5674156E-02
   2.090000      9.0118445E-02
   2.100000      0.1134298    
   2.110000      0.1323851    
   2.120000      0.1444545    
   2.130000      0.1482275    
   2.140000      0.1436272    
   2.150000      0.1318579    
   2.160000      0.1150196    
   2.170000      9.5624804E-02
   2.180000      7.6055810E-02
   2.190000      5.8117069E-02
   2.200000      4.2862576E-02
   2.210000      3.0608965E-02
   2.220000      2.1161202E-02
   2.230000      1.4113165E-02
   2.240000      9.0973265E-03
   2.250000      5.9249238E-03
   2.260000      4.5575625E-03
   2.270000      4.9686781E-03
   2.280000      6.9545568E-03
   2.290000      1.0007699E-02
   2.300000      1.3306360E-02
   2.310000      1.5867447E-02
   2.320000      1.6816407E-02
   2.330000      1.5679808E-02
   2.340000      1.2605625E-02
   2.350000      8.4054396E-03
   2.360000      4.3878416E-03
   2.370000      1.9861541E-03
   2.380000      2.3070937E-03
   2.390000      5.7439385E-03
   2.400000      1.1787728E-02
   2.410000      1.9126389E-02
   2.420000      2.6018895E-02
   2.430000      3.0866385E-02
   2.440000      3.2772984E-02
   2.450000      3.1922534E-02
   2.460000      2.9628245E-02
   2.470000      2.7941972E-02
   2.480000      2.8955650E-02
   2.490000      3.3962425E-02
   2.500000      4.2768553E-02
   2.510000      5.3408675E-02
   2.520000      6.2476639E-02
   2.530000      6.6077970E-02
   2.540000      6.1241824E-02
   2.550000      4.7462407E-02
   2.560000      2.7902776E-02
   2.570000      9.8724840E-03
   2.580000      4.2062532E-03
   2.590000      2.3576997E-02
   2.600000      8.0045044E-02
   2.610000      0.1820506    
   2.620000      0.3319638    
   2.630000      0.5240369    
   2.640000      0.7443242    
   2.650000      0.9718301    
   2.660000       1.181321    
   2.670000       1.347638    
   2.680000       1.449693    
   2.690000       1.474291    
   2.700000       1.418166    
   2.710000       1.288687    
   2.720000       1.102457    
   2.730000      0.8825770    
   2.740000      0.6547260    
   2.750000      0.4430414    
   2.760000      0.2663426    
   2.770000      0.1358310    
   2.780000      5.4118492E-02
   2.790000      1.6056988E-02
   2.800000      1.1055012E-02
   2.810000      2.5900548E-02
   2.820000      4.7652386E-02
   2.830000      6.6052064E-02
   2.840000      7.4952066E-02
   2.850000      7.2614610E-02
   2.860000      6.1014593E-02
   2.870000      4.4444952E-02
   2.880000      2.7838761E-02
   2.890000      1.5276863E-02
   2.900000      9.0017337E-03
   2.910000      9.1503188E-03
   2.920000      1.4049274E-02
   2.930000      2.0975590E-02
   2.940000      2.7073897E-02
   2.950000      3.0186851E-02
   2.960000      2.9365240E-02
   2.970000      2.4957022E-02
   2.980000      1.8339632E-02
   2.990000      1.1375074E-02
   3.000000      5.8000786E-03
   3.010000      2.7572704E-03
   3.020000      2.5363108E-03
   3.030000      4.5916834E-03
   3.040000      7.8024273E-03
   3.050000      1.0864517E-02
   3.060000      1.2692287E-02
   3.070000      1.2709685E-02
   3.080000      1.0962611E-02
   3.090000      8.0428496E-03
   3.100000      4.8452965E-03
   3.110000      2.2824001E-03
   3.120000      1.0118790E-03
   3.130000      1.2688687E-03
   3.140000      2.8377550E-03
   3.150000      5.1490315E-03
   3.160000      7.4810511E-03
   3.170000      9.1795968E-03
   3.180000      9.8405704E-03
   3.190000      9.4074616E-03
   3.200000      8.1563247E-03
   3.210000      6.5916250E-03
   3.220000      5.2828188E-03
   3.230000      4.6984307E-03
   3.240000      5.0759576E-03
   3.250000      6.3682804E-03
   3.260000      8.2670208E-03
   3.270000      1.0297052E-02
   3.280000      1.1949749E-02
   3.290000      1.2811013E-02
   3.300000      1.2658008E-02
   3.310000      1.1499144E-02
   3.320000      9.5572937E-03
   3.330000      7.2020679E-03
   3.340000      4.8540602E-03
   3.350000      2.8844771E-03
   3.360000      1.5363852E-03
   3.370000      8.8746723E-04
   3.380000      8.5188408E-04
   3.390000      1.2241082E-03
   3.400000      1.7434581E-03
   3.410000      2.1656619E-03
   3.420000      2.3213248E-03
   3.430000      2.1513903E-03
   3.440000      1.7112666E-03
   3.450000      1.1465786E-03
   3.460000      6.4656901E-04
   3.470000      3.8945553E-04
   3.480000      4.9373473E-04
   3.490000      9.8546420E-04
   3.500000      1.7919367E-03
   3.510000      2.7575882E-03
   3.520000      3.6835845E-03
   3.530000      4.3764394E-03
   3.540000      4.6955966E-03
   3.550000      4.5914231E-03
   3.560000      4.1156625E-03
   3.570000      3.4099985E-03
   3.580000      2.6696746E-03
   3.590000      2.0964723E-03
   3.600000      1.8470354E-03
   3.610000      1.9941255E-03
   3.620000      2.5085099E-03
   3.630000      3.2664964E-03
   3.640000      4.0810206E-03
   3.650000      4.7479398E-03
   3.660000      5.0975601E-03
   3.670000      5.0349184E-03
   3.680000      4.5613591E-03
   3.690000      3.7717323E-03
   3.700000      2.8291282E-03
   3.710000      1.9233522E-03
   3.720000      1.2260356E-03
   3.730000      8.5344317E-04
   3.740000      8.4312510E-04
   3.750000      1.1525605E-03
   3.760000      1.6745349E-03
   3.770000      2.2684589E-03
   3.780000      2.7949074E-03
   3.790000      3.1459078E-03
   3.800000      3.2631820E-03
   3.810000      3.1424679E-03
   3.820000      2.8266199E-03
   3.830000      2.3871234E-03
   3.840000      1.9044161E-03
   3.850000      1.4504299E-03
   3.860000      1.0762627E-03
   3.870000      8.0757920E-04
   3.880000      6.4581982E-04
   3.890000      5.7459756E-04
   3.900000      5.6706881E-04
   3.910000      5.9349858E-04
   3.920000      6.2668242E-04
   3.930000      6.4594508E-04
   3.940000      6.3956645E-04
   3.950000      6.0590822E-04
   3.960000      5.5316492E-04
   3.970000      4.9727113E-04
   3.980000      4.5797593E-04
   3.990000      4.5355281E-04
   4.000000      4.9540302E-04
   4.010000      5.8434962E-04
   4.020000      7.1067549E-04
   4.030000      8.5870281E-04
   4.040000      1.0150510E-03
   4.050000      1.1781527E-03
   4.060000      1.3651667E-03
   4.070000      1.6111146E-03
   4.080000      1.9599083E-03
   4.090000      2.4459800E-03
   4.100000      3.0730688E-03
   4.110000      3.7952811E-03
   4.120000      4.5115845E-03
   4.130000      5.0762789E-03
   4.140000      5.3306273E-03
   4.150000      5.1497780E-03
   4.160000      4.4937572E-03
   4.170000      3.4507611E-03
   4.180000      2.2532300E-03
   4.190000      1.2579443E-03
   4.200000      8.8778359E-04
   4.210000      1.5469909E-03
   4.220000      3.5231917E-03
   4.230000      6.9052489E-03
   4.240000      1.1532853E-02
   4.250000      1.6999999E-02
   4.260000      2.2706253E-02
   4.270000      2.7965643E-02
   4.280000      3.2128625E-02
   4.290000      3.4700181E-02
   4.300000      3.5431463E-02
   4.310000      3.4346767E-02
   4.320000      3.1716708E-02
   4.330000      2.7980860E-02
   4.340000      2.3647502E-02
   4.350000      1.9194461E-02
   4.360000      1.4995055E-02
   4.370000      1.1285389E-02
   4.380000      8.1659686E-03
   4.390000      5.6429016E-03
   4.400000      3.6788790E-03
   4.410000      2.2327984E-03
   4.420000      1.2829899E-03
   4.430000      8.1711321E-04
   4.440000      8.0639205E-04
   4.450000      1.1731997E-03
   4.460000      1.7744194E-03
   4.470000      2.4118044E-03
   4.480000      2.8741704E-03
   4.490000      2.9984412E-03
   4.500000      2.7286641E-03
   4.510000      2.1505912E-03
   4.520000      1.4817525E-03
   4.530000      1.0144579E-03
   4.540000      1.0251735E-03
   4.550000      1.6739514E-03
   4.560000      2.9341981E-03
   4.570000      4.5744451E-03
   4.580000      6.2123425E-03
   4.590000      7.4243261E-03
   4.600000      7.8891441E-03
   4.610000      7.5108320E-03
   4.620000      6.4735813E-03
   4.630000      5.2055041E-03
   4.640000      4.2454698E-03
   4.650000      4.0490148E-03
   4.660000      4.7937823E-03
   4.670000      6.2619476E-03
   4.680000      7.8554004E-03
   4.690000      8.7684458E-03
   4.700000      8.3194114E-03
   4.710000      6.3399035E-03
   4.720000      3.5290325E-03
   4.730000      1.6372155E-03
   4.740000      3.3944007E-03
   4.750000      1.2134096E-02
   4.760000      3.1120179E-02
   4.770000      6.2801413E-02
   4.780000      0.1079554    
   4.790000      0.1651204    
   4.800000      0.2303859    
   4.810000      0.2977255    
   4.820000      0.3597898    
   4.830000      0.4090078    
   4.840000      0.4389596    
   4.850000      0.4454340    
   4.860000      0.4272482    
   4.870000      0.3865598    
   4.880000      0.3284728    
   4.890000      0.2601966    
   4.900000      0.1898937    
   4.910000      0.1252159    
   4.920000      7.2092496E-02
   4.930000      3.3897057E-02
   4.940000      1.1184765E-02
   4.950000      1.9869732E-03
   4.960000      2.5870209E-03
   4.970000      8.5082538E-03
   4.980000      1.5545654E-02
   4.990000      2.0550139E-02
   5.000000      2.1878807E-02
   5.010000      1.9449528E-02
   5.020000      1.4390030E-02
   5.030000      8.4740939E-03
   5.040000      3.4822260E-03
   5.050000      6.7887222E-04
   5.060000      5.1180908E-04
   5.070000      2.5901548E-03
   5.080000      5.9127491E-03
   5.090000      9.2284298E-03
   5.100000      1.1434169E-02
   5.110000      1.1884036E-02
   5.120000      1.0533611E-02
   5.130000      7.8856023E-03
   5.140000      4.7810939E-03
   5.150000      2.1134862E-03
   5.160000      5.5236690E-04
   5.170000      3.6636583E-04
   5.180000      1.3804103E-03
   5.190000      3.0748770E-03
   5.200000      4.7762161E-03
   5.210000      5.8778943E-03
   5.220000      6.0288217E-03
   5.230000      5.2192071E-03
   5.240000      3.7588289E-03
   5.250000      2.1515307E-03
   5.260000      9.2116697E-04
   5.270000      4.4167280E-04
   5.280000      8.2685630E-04
   5.290000      1.9137129E-03
   5.300000      3.3306235E-03
   5.310000      4.6312190E-03
   5.320000      5.4471381E-03
   5.330000      5.6087854E-03
   5.340000      5.1955068E-03
   5.350000      4.5007044E-03
   5.360000      3.9294036E-03
   5.370000      3.8537877E-03
   5.380000      4.4888970E-03
   5.390000      5.8117090E-03
   5.400000      7.5571546E-03
   5.410000      9.2921527E-03
   5.420000      1.0537798E-02
   5.430000      1.0915240E-02
   5.440000      1.0256373E-02
   5.450000      8.6553395E-03
   5.460000      6.4411154E-03
   5.470000      4.0884176E-03
   5.480000      2.0855791E-03
   5.490000      8.0416095E-04
   5.500000      4.0879659E-04
   5.510000      8.2442380E-04
   5.520000      1.7741760E-03
   5.530000      2.8698053E-03
   5.540000      3.7298433E-03
   5.550000      4.0857811E-03
   5.560000      3.8478500E-03
   5.570000      3.1142626E-03
   5.580000      2.1222644E-03
   5.590000      1.1639127E-03
   5.600000      4.9133284E-04
   5.610000      2.4301148E-04
   5.620000      4.1075153E-04
   5.630000      8.5535797E-04
   5.640000      1.3633829E-03
   5.650000      1.7264116E-03
   5.660000      1.8136571E-03
   5.670000      1.6149163E-03
   5.680000      1.2422520E-03
   5.690000      8.8832184E-04
   5.700000      7.5718679E-04
   5.710000      9.9113991E-04
   5.720000      1.6152658E-03
   5.730000      2.5201950E-03
   5.740000      3.4873518E-03
   5.750000      4.2538666E-03
   5.760000      4.5953570E-03
   5.770000      4.4014729E-03
   5.780000      3.7241348E-03
   5.790000      2.7790759E-03
   5.800000      1.9014917E-03
   5.810000      1.4661937E-03
   5.820000      1.7927451E-03
   5.830000      3.0603677E-03
   5.840000      5.2535250E-03
   5.850000      8.1520518E-03
   5.860000      1.1374980E-02
   5.870000      1.4460366E-02
   5.880000      1.6952554E-02
   5.890000      1.8499931E-02
   5.900000      1.8913634E-02
   5.910000      1.8192600E-02
   5.920000      1.6506338E-02
   5.930000      1.4146933E-02
   5.940000      1.1460604E-02
   5.950000      8.7828580E-03
   5.960000      6.3763456E-03
   5.970000      4.4020056E-03
   5.980000      2.9164997E-03
   5.990000      1.8862514E-03
   6.000000      1.2220996E-03
   6.010000      8.1439060E-04
   6.020000      5.6346896E-04
   6.030000      3.9658355E-04
   6.040000      2.7236491E-04
   6.050000      1.7528758E-04
   6.060000      1.0423655E-04
   6.070000      6.1428618E-05
   6.080000      4.5189940E-05
   6.090000      4.7997284E-05
   6.100000      5.9152961E-05
   6.110000      6.9437185E-05
   6.120000      7.5108488E-05
   6.130000      7.9087338E-05
   6.140000      8.8930909E-05
   6.150000      1.1263885E-04
   6.160000      1.5407913E-04
   6.170000      2.1023647E-04
   6.180000      2.7148606E-04
   6.190000      3.2489674E-04
   6.200000      3.5931557E-04
   6.210000      3.6999569E-04
   6.220000      3.6116317E-04
   6.230000      3.4487341E-04
   6.240000      3.3695446E-04
   6.250000      3.5094944E-04
   6.260000      3.9264219E-04
   6.270000      4.5703823E-04
   6.280000      5.2937050E-04
   6.290000      5.9017434E-04
   6.300000      6.2279095E-04
   6.310000      6.2114932E-04
   6.320000      5.9470488E-04
   6.330000      5.6866620E-04
   6.340000      5.7921116E-04
   6.350000      6.6396670E-04
   6.360000      8.5092394E-04
   6.370000      1.1485168E-03
   6.380000      1.5397926E-03
   6.390000      1.9831501E-03
   6.400000      2.4196089E-03
   6.410000      2.7843448E-03
   6.420000      3.0204684E-03
   6.430000      3.0910084E-03
   6.440000      2.9858770E-03
   6.450000      2.7232077E-03
   6.460000      2.3439783E-03
   6.470000      1.9029157E-03
   6.480000      1.4570805E-03
   6.490000      1.0545501E-03
   6.500000      7.2732777E-04
   6.510000      4.8798896E-04
   6.520000      3.3178437E-04
   6.530000      2.4183624E-04
   6.540000      1.9602859E-04
   6.550000      1.7341459E-04
   6.560000      1.5846519E-04
   6.570000      1.4277357E-04
   6.580000      1.2432973E-04
   6.590000      1.0509098E-04
   6.600000      8.8263812E-05
   6.610000      7.6224496E-05
   6.620000      6.9631795E-05
   6.630000      6.7849331E-05
   6.640000      7.0172020E-05
   6.650000      7.7150289E-05
   6.660000      9.1409878E-05
   6.670000      1.1769171E-04
   6.680000      1.6191204E-04
   6.690000      2.2985498E-04
   6.700000      3.2577370E-04
   6.710000      4.5121036E-04
   6.720000      6.0471462E-04
   6.730000      7.8162987E-04
   6.740000      9.7462244E-04
   6.750000      1.1741094E-03
   6.760000      1.3681918E-03
   6.770000      1.5432085E-03
   6.780000      1.6841443E-03
   6.790000      1.7754852E-03
   6.800000      1.8031952E-03
   6.810000      1.7570937E-03
   6.820000      1.6338442E-03
   6.830000      1.4401384E-03
   6.840000      1.1939023E-03
   6.850000      9.2450361E-04
   6.860000      6.7145424E-04
   6.870000      4.8107206E-04
   6.880000      4.0301788E-04
   6.890000      4.8591936E-04
   6.900000      7.7381433E-04
   6.910000      1.3029060E-03
   6.920000      2.0984290E-03
   6.930000      3.1716272E-03
   6.940000      4.5171469E-03
   6.950000      6.1071343E-03
   6.960000      7.8873625E-03
   6.970000      9.7749531E-03
   6.980000      1.1654558E-02
   6.990000      1.3386350E-02
   7.000000      1.4815731E-02
   7.010000      1.5790116E-02
   7.020000      1.6184792E-02
   7.030000      1.5921922E-02
   7.040000      1.4988628E-02
   7.050000      1.3447857E-02
   7.060000      1.1436552E-02
   7.070000      9.1496222E-03
   7.080000      6.8157474E-03
   7.090000      4.6615880E-03
   7.100000      2.8773693E-03
   7.110000      1.5867179E-03
   7.120000      8.2946953E-04
   7.130000      5.6046870E-04
   7.140000      6.6500402E-04
   7.150000      9.8730903E-04
   7.160000      1.3646921E-03
   7.170000      1.6597457E-03
   7.180000      1.7852287E-03
   7.190000      1.7147389E-03
   7.200000      1.4786448E-03
   7.210000      1.1480491E-03
   7.220000      8.1081508E-04
   7.230000      5.4584979E-04
   7.240000      4.0367225E-04
   7.250000      3.9596588E-04
   7.260000      4.9733836E-04
   7.270000      6.5681146E-04
   7.280000      8.1471732E-04
   7.290000      9.2019880E-04
   7.300000      9.4426866E-04
   7.310000      8.8520185E-04
   7.320000      7.6552818E-04
   7.330000      6.2249892E-04
   7.340000      4.9463252E-04
   7.350000      4.0985542E-04
   7.360000      3.7821359E-04
   7.370000      3.9041013E-04
   7.380000      4.2318119E-04
   7.390000      4.4855842E-04
   7.400000      4.4461692E-04
   7.410000      4.0392613E-04
   7.420000      3.3768651E-04
   7.430000      2.7477782E-04
   7.440000      2.5564994E-04
   7.450000      3.2380756E-04
   7.460000      5.1681121E-04
   7.470000      8.5876201E-04
   7.480000      1.3554782E-03
   7.490000      1.9936422E-03
   7.500000      2.7417073E-03
   7.510000      3.5526694E-03
   7.520000      4.3683057E-03
   7.530000      5.1222849E-03
   7.540000      5.7463497E-03
   7.550000      6.1755986E-03
   7.560000      6.3574882E-03
   7.570000      6.2605701E-03
   7.580000      5.8835354E-03
   7.590000      5.2601662E-03
   7.600000      4.4604209E-03
   7.610000      3.5831302E-03
   7.620000      2.7426674E-03
   7.630000      2.0500154E-03
   7.640000      1.5903173E-03
   7.650000      1.4054701E-03
   7.660000      1.4820967E-03
   7.670000      1.7526557E-03
   7.680000      2.1095606E-03
   7.690000      2.4288495E-03
   7.700000      2.5992312E-03
   7.710000      2.5491489E-03
   7.720000      2.2640848E-03
   7.730000      1.7904385E-03
   7.740000      1.2238605E-03
   7.750000      6.8553095E-04
   7.760000      2.8983757E-04
   7.770000      1.1440083E-04
   7.780000      1.7921925E-04
   7.790000      4.4164661E-04
   7.800000      8.0875010E-04
   7.810000      1.1632461E-03
   7.820000      1.3960499E-03
   7.830000      1.4369506E-03
   7.840000      1.2734130E-03
   7.850000      9.5417449E-04
   7.860000      5.7493104E-04
   7.870000      2.5079801E-04
   7.880000      8.1782506E-05
   7.890000      1.2295008E-04
   7.900000      3.6754386E-04
   7.910000      7.4696681E-04
   7.920000      1.1504126E-03
   7.930000      1.4562112E-03
   7.940000      1.5681389E-03
   7.950000      1.4454090E-03
   7.960000      1.1187133E-03
   7.970000      6.8741437E-04
   7.980000      2.9728716E-04
   7.990000      1.0367674E-04
   8.000000      2.3181815E-04
   8.010000      7.4315740E-04
   8.020000      1.6161770E-03
   8.030000      2.7482344E-03
   8.040000      3.9766263E-03
   8.050000      5.1125777E-03
   8.060000      5.9787375E-03
   8.070000      6.4469017E-03
   8.080000      6.4618024E-03
   8.090000      6.0465573E-03
   8.100000      5.2924585E-03
   8.110000      4.3329606E-03
   8.120000      3.3138439E-03
   8.130000      2.3635395E-03
   8.140000      1.5710939E-03
   8.150000      9.7941840E-04
   8.160000      5.8738026E-04
   8.170000      3.6166128E-04
   8.180000      2.5283796E-04
   8.190000      2.1095460E-04
   8.200000      1.9662704E-04
   8.210000      1.8602582E-04
   8.220000      1.6998222E-04
   8.230000      1.4914181E-04
   8.240000      1.2816515E-04
   8.250000      1.1101535E-04
   8.260000      9.8857869E-05
   8.270000      9.0517678E-05
   8.280000      8.4353029E-05
   8.290000      8.0133999E-05
   8.300000      7.9686579E-05
   8.310000      8.5965927E-05
   8.320000      1.0114071E-04
   8.330000      1.2477043E-04
   8.340000      1.5330913E-04
   8.350000      1.8143555E-04
   8.360000      2.0495529E-04
   8.370000      2.2400983E-04
   8.380000      2.4490457E-04
   8.390000      2.7909098E-04
   8.400000      3.3892345E-04
   8.410000      4.3127732E-04
   8.420000      5.5136473E-04
   8.430000      6.7921518E-04
   8.440000      7.8181911E-04
   8.450000      8.2167779E-04
   8.460000      7.6961948E-04
   8.470000      6.1997358E-04
   8.480000      4.0269337E-04
   8.490000      1.8770361E-04
   8.500000      7.8679055E-05
   8.510000      1.9441523E-04
   8.520000      6.4236228E-04
   8.530000      1.4891913E-03
   8.540000      2.7369992E-03
   8.550000      4.3124855E-03
   8.560000      6.0687703E-03
   8.570000      7.8094094E-03
   8.580000      9.3203634E-03
   8.590000      1.0409399E-02
   8.600000      1.0943466E-02
   8.610000      1.0872517E-02
   8.620000      1.0236190E-02
   8.630000      9.1515305E-03
   8.640000      7.7841999E-03
   8.650000      6.3128863E-03
   8.660000      4.8950822E-03
   8.670000      3.6413511E-03
   8.680000      2.6076769E-03
   8.690000      1.7999642E-03
   8.700000      1.1915944E-03
   8.710000      7.4373145E-04
   8.720000      4.2317092E-04
   8.730000      2.1151522E-04
   8.740000      1.0433887E-04
   8.750000      1.0187906E-04
   8.760000      1.9646826E-04
   8.770000      3.6251702E-04
   8.780000      5.5483280E-04
   8.790000      7.1647199E-04
   8.800000      7.9466566E-04
   8.810000      7.5950532E-04
   8.820000      6.1783643E-04
   8.830000      4.1678903E-04
   8.840000      2.3349235E-04
   8.850000      1.5377533E-04
   8.860000      2.4381679E-04
   8.870000      5.2602077E-04
   8.880000      9.6707011E-04
   8.890000      1.4823532E-03
   8.900000      1.9580594E-03
   8.910000      2.2846716E-03
   8.920000      2.3910701E-03
   8.930000      2.2682173E-03
   8.940000      1.9730486E-03
   8.950000      1.6093745E-03
   8.960000      1.2915253E-03
   8.970000      1.1007189E-03
   8.980000      1.0523146E-03
   8.990000      1.0889254E-03
   9.000000      1.1059415E-03
   9.010000      1.0087435E-03
   9.020000      7.8898290E-04
   9.030000      5.9407880E-04
   9.040000      7.6819252E-04
   9.050000      1.8409677E-03
   9.060000      4.4482895E-03
   9.070000      9.2035607E-03
   9.080000      1.6527273E-02
   9.090000      2.6492422E-02
   9.100000      3.8710948E-02
   9.110000      5.2295588E-02
   9.120000      6.5933794E-02
   9.130000      7.8056313E-02
   9.140000      8.7097175E-02
   9.150000      9.1761597E-02
   9.160000      9.1282971E-02
   9.170000      8.5604772E-02
   9.180000      7.5404420E-02
   9.190000      6.1986446E-02
   9.200000      4.7060449E-02
   9.210000      3.2435298E-02
   9.220000      1.9707730E-02
   9.230000      1.0008587E-02
   9.240000      3.8336052E-03
   9.250000      1.0381551E-03
   9.260000      9.3753071E-04
   9.270000      2.5007657E-03
   9.280000      4.6197870E-03
   9.290000      6.3533410E-03
   9.300000      7.1038017E-03
   9.310000      6.6976715E-03
   9.320000      5.3479620E-03
   9.330000      3.5325361E-03
   9.340000      1.8176604E-03
   9.350000      6.8683812E-04
   9.360000      4.0758483E-04
   9.370000      9.7125926E-04
   9.380000      2.1194234E-03
   9.390000      3.4388967E-03
   9.400000      4.4945953E-03
   9.410000      4.9587358E-03
   9.420000      4.7000297E-03
   9.430000      3.8114698E-03
   9.440000      2.5735882E-03
   9.450000      1.3609374E-03
   9.460000      5.3099380E-04
   9.470000      3.1896835E-04
   9.480000      7.6947449E-04
   9.490000      1.7294786E-03
   9.500000      2.8963264E-03
   9.510000      3.9089280E-03
   9.520000      4.4544442E-03
   9.530000      4.3595433E-03
   9.540000      3.6426543E-03
   9.550000      2.5112259E-03
   9.560000      1.3109123E-03
   9.570000      4.3549293E-04
   9.580000      2.2506084E-04
   9.590000      8.7686488E-04
   9.600000      2.3941682E-03
   9.610000      4.5836051E-03
   9.620000      7.1011288E-03
   9.630000      9.5291985E-03
   9.640000      1.1471083E-02
   9.650000      1.2630218E-02
   9.660000      1.2863026E-02
   9.670000      1.2196066E-02
   9.680000      1.0803774E-02
   9.690000      8.9593148E-03
   9.700000      6.9641736E-03
   9.710000      5.0884793E-03
   9.720000      3.5225321E-03
   9.730000      2.3565898E-03
   9.740000      1.5851627E-03
   9.750000      1.1342001E-03
   9.760000      8.9645665E-04
   9.770000      7.6534582E-04
   9.780000      6.6083914E-04
   9.790000      5.4091163E-04
   9.800000      3.9968031E-04
   9.810000      2.5539877E-04
   9.820000      1.3480982E-04
   9.830000      5.8968501E-05
   9.840000      3.5250207E-05
   9.850000      5.6204950E-05
   9.860000      1.0408407E-04
   9.870000      1.5823856E-04
   9.880000      2.0207543E-04
   9.890000      2.2720055E-04
   9.900000      2.3387818E-04
   9.910000      2.2828736E-04
   9.920000      2.1862359E-04
   9.930000      2.1182210E-04
   9.940000      2.1222526E-04
   9.950000      2.2257090E-04
   9.960000      2.4610179E-04
   9.970000      2.8842493E-04
   9.980000      3.5752627E-04
   9.990000      4.6131646E-04
   10.00000      6.0309126E-04
   10.01000      7.7596423E-04
   10.02000      9.6284866E-04
   10.03000      1.1330894E-03
   10.04000      1.2513235E-03
   10.05000      1.2849590E-03
   10.06000      1.2180530E-03
   10.07000      1.0581665E-03
   10.08000      8.4463618E-04
   10.09000      6.4268516E-04
   10.10000      5.3777668E-04
   10.11000      6.1559083E-04
   10.12000      9.4455300E-04
   10.13000      1.5580970E-03
   10.14000      2.4430940E-03
   10.15000      3.5353105E-03
   10.16000      4.7342749E-03
   10.17000      5.9067272E-03
   10.18000      6.9252760E-03
   10.19000      7.6730563E-03
   10.20000      8.0767199E-03
   10.21000      8.1040282E-03
   10.22000      7.7762357E-03
   10.23000      7.1527129E-03
   10.24000      6.3207485E-03
   10.25000      5.3782207E-03
   10.26000      4.4173286E-03
   10.27000      3.5067236E-03
   10.28000      2.7007097E-03
   10.29000      2.0161611E-03
   10.30000      1.4599420E-03
   10.31000      1.0193284E-03
   10.32000      6.8082253E-04
   10.33000      4.2654379E-04
   10.34000      2.4238220E-04
   10.35000      1.1970057E-04
   10.36000      5.0481660E-05
   10.37000      2.7374403E-05
   10.38000      4.1474617E-05
   10.39000      8.1600221E-05
   10.40000      1.3468835E-04
   10.41000      1.8740125E-04
   10.42000      2.2802867E-04
   10.43000      2.4840183E-04
   10.44000      2.4520935E-04
   10.45000      2.2012900E-04
   10.46000      1.7926490E-04
   10.47000      1.3128298E-04
   10.48000      8.5987129E-05
   10.49000      5.1929375E-05
   10.50000      3.5261299E-05
   10.51000      3.8720584E-05
   10.52000      6.1079467E-05
   10.53000      9.7780190E-05
   10.54000      1.4158309E-04
   10.55000      1.8367998E-04
   10.56000      2.1579568E-04
   10.57000      2.3119204E-04
   10.58000      2.2632249E-04
   10.59000      2.0192986E-04
   10.60000      1.6273728E-04
   10.61000      1.1765417E-04
   10.62000      7.8142351E-05
   10.63000      5.6588939E-05
   10.64000      6.4988533E-05
   10.65000      1.1256162E-04
   10.66000      2.0519976E-04
   10.67000      3.4496270E-04
   10.68000      5.2946358E-04
   10.69000      7.5435196E-04
   10.70000      1.0109427E-03
   10.71000      1.2913485E-03
   10.72000      1.5827077E-03
   10.73000      1.8746461E-03
   10.74000      2.1521507E-03
   10.75000      2.3974057E-03
   10.76000      2.5952586E-03
   10.77000      2.7266450E-03
   10.78000      2.7783394E-03
   10.79000      2.7402965E-03
   10.80000      2.6089253E-03
   10.81000      2.3913619E-03
   10.82000      2.1003343E-03
   10.83000      1.7570603E-03
   10.84000      1.3892531E-03
   10.85000      1.0246993E-03
   10.86000      6.9278339E-04
   10.87000      4.1525200E-04
   10.88000      2.0885476E-04
   10.89000      7.9361860E-05
   10.90000      2.4511741E-05
   10.91000      3.3092205E-05
   10.92000      8.7806846E-05
   10.93000      1.6750976E-04
   10.94000      2.5084574E-04
   10.95000      3.1802585E-04
   10.96000      3.5499281E-04
   10.97000      3.5410799E-04
   10.98000      3.1637278E-04
   10.99000      2.5079094E-04
   11.00000      1.7280839E-04
   11.01000      1.0150832E-04
   11.02000      5.6113528E-05
   11.03000      5.1275041E-05
   11.04000      9.4136100E-05
   11.05000      1.8240519E-04
   11.06000      3.0316494E-04
   11.07000      4.3709195E-04
   11.08000      5.5969466E-04
   11.09000      6.4885651E-04
   11.10000      6.8786298E-04
   11.11000      6.6933210E-04
   11.12000      5.9631036E-04
   11.13000      4.8167081E-04
   11.14000      3.4459136E-04
   11.15000      2.1025109E-04
   11.16000      1.0480738E-04
   11.17000      5.8698566E-05
   11.18000      1.0640397E-04
   11.19000      2.8940768E-04
   11.20000      6.5888290E-04
   11.21000      1.2671326E-03
   11.22000      2.1737218E-03
   11.23000      3.4256750E-03
   11.24000      5.0335675E-03
   11.25000      6.9770659E-03
   11.26000      9.1631394E-03
   11.27000      1.1462481E-02
   11.28000      1.3660198E-02
   11.29000      1.5538469E-02
   11.30000      1.6862085E-02
   11.31000      1.7447550E-02
   11.32000      1.7178230E-02
   11.33000      1.6052496E-02
   11.34000      1.4167896E-02
   11.35000      1.1741471E-02
   11.36000      9.0391431E-03
   11.37000      6.3737920E-03
   11.38000      4.0101577E-03
   11.39000      2.1663557E-03
   11.40000      9.3599461E-04
   11.41000      3.1526928E-04
   11.42000      1.9227345E-04
   11.43000      3.9418283E-04
   11.44000      7.2402618E-04
   11.45000      1.0098927E-03
   11.46000      1.1371315E-03
   11.47000      1.0680868E-03
   11.48000      8.3775650E-04
   11.49000      5.3136732E-04
   11.50000      2.5511408E-04
   11.51000      9.8275479E-05
   11.52000      1.0876088E-04
   11.53000      2.7905562E-04
   11.54000      5.5264810E-04
   11.55000      8.4155909E-04
   11.56000      1.0566078E-03
   11.57000      1.1318249E-03
   11.58000      1.0463085E-03
   11.59000      8.2810712E-04
   11.60000      5.4425129E-04
   11.61000      2.8146384E-04
   11.62000      1.1751112E-04
   11.63000      9.9132994E-05
   11.64000      2.2890327E-04
   11.65000      4.6282687E-04
   11.66000      7.2337908E-04
   11.67000      9.2862389E-04
   11.68000      1.0090058E-03
   11.69000      9.3634479E-04
   11.70000      7.3095475E-04
   11.71000      4.5671070E-04
   11.72000      2.0674073E-04
   11.73000      7.7418059E-05
   11.74000      1.4267073E-04
   11.75000      4.3247253E-04
   11.76000      9.2512084E-04
   11.77000      1.5486745E-03
   11.78000      2.2023492E-03
   11.79000      2.7763362E-03
   11.80000      3.1799013E-03
   11.81000      3.3576081E-03
   11.82000      3.3009783E-03
   11.83000      3.0446809E-03
   11.84000      2.6554482E-03
   11.85000      2.2091172E-03
   11.86000      1.7778064E-03
   11.87000      1.4077307E-03
   11.88000      1.1195431E-03
   11.89000      9.0636156E-04
   11.90000      7.4507971E-04
   11.91000      6.0838746E-04
   11.92000      4.7579777E-04
   11.93000      3.4125330E-04
   11.94000      2.1321765E-04
   11.95000      1.0968278E-04
   11.96000      4.9916522E-05
   11.97000      4.5125205E-05
   11.98000      9.3729366E-05
   11.99000      1.7918304E-04
   12.00000      2.7556476E-04
   12.01000      3.5392281E-04
   12.02000      3.9169210E-04
   12.03000      3.7942440E-04
   12.04000      3.2254524E-04
   12.05000      2.3966770E-04
   12.06000      1.5628155E-04
   12.07000      9.5477684E-05
   12.08000      7.2041410E-05
   12.09000      8.7435030E-05
   12.10000      1.3068033E-04
   12.11000      1.8332453E-04
   12.12000      2.2650837E-04
   12.13000      2.4714606E-04
   12.14000      2.4415951E-04
   12.15000      2.2774826E-04
   12.16000      2.1571844E-04
   12.17000      2.2655903E-04
   12.18000      2.7168609E-04
   12.19000      3.4906904E-04
   12.20000      4.4285084E-04
   12.21000      5.2670995E-04
   12.22000      5.7254301E-04
   12.23000      5.6053064E-04
   12.24000      4.8942299E-04
   12.25000      3.8111795E-04
   12.26000      2.8102699E-04
   12.27000      2.4887372E-04
   12.28000      3.4654603E-04
   12.29000      6.2303722E-04
   12.30000      1.0985775E-03
   12.31000      1.7589161E-03
   12.32000      2.5527349E-03
   12.33000      3.3965830E-03
   12.34000      4.1948827E-03
   12.35000      4.8486204E-03
   12.36000      5.2811028E-03
   12.37000      5.4425574E-03
   12.38000      5.3262636E-03
   12.39000      4.9606217E-03
   12.40000      4.4043562E-03
   12.41000      3.7317926E-03
   12.42000      3.0209837E-03
   12.43000      2.3383333E-03
   12.44000      1.7342770E-03
   12.45000      1.2335213E-03
   12.46000      8.4507122E-04
   12.47000      5.5860111E-04
   12.48000      3.5787816E-04
   12.49000      2.2228417E-04
   12.50000      1.3401365E-04
   12.51000      7.9588972E-05
   12.52000      4.9656370E-05
   12.53000      3.8361450E-05
   12.54000      4.1031813E-05
   12.55000      5.2991261E-05
   12.56000      6.9085669E-05
   12.57000      8.3703744E-05
   12.58000      9.2305585E-05
   12.59000      9.2110517E-05
   12.60000      8.2916289E-05
   12.61000      6.7003959E-05
   12.62000      4.8412694E-05
   12.63000      3.1628148E-05
   12.64000      2.0488782E-05
   12.65000      1.7194920E-05
   12.66000      2.2106105E-05
   12.67000      3.4160887E-05
   12.68000      5.1204839E-05
   12.69000      7.0969487E-05
   12.70000      9.1389426E-05
   12.71000      1.1053670E-04
   12.72000      1.2680003E-04
   12.73000      1.3817221E-04
   12.74000      1.4251017E-04
   12.75000      1.3786522E-04
   12.76000      1.2321695E-04
   12.77000      9.9770528E-05
   12.78000      7.1701768E-05
   12.79000      4.6517456E-05
   12.80000      3.4727898E-05
   12.81000      4.7751721E-05
   12.82000      9.5924668E-05
   12.83000      1.8570849E-04
   12.84000      3.1701819E-04
   12.85000      4.8355680E-04
   12.86000      6.7059800E-04
   12.87000      8.5982960E-04
   12.88000      1.0296012E-03
   12.89000      1.1613893E-03
   12.90000      1.2403509E-03
   12.91000      1.2599506E-03
   12.92000      1.2214303E-03
   12.93000      1.1335021E-03
   12.94000      1.0099119E-03
   12.95000      8.6657243E-04
   12.96000      7.1775191E-04
   12.97000      5.7616620E-04
   12.98000      4.4848243E-04
   12.99000      3.3868561E-04
   13.00000      2.4693960E-04
