  -13.00000      6.8085406E-05
  -12.99000      1.1307841E-04
  -12.98000      2.0282211E-04
  -12.97000      3.4859919E-04
  -12.96000      5.5675674E-04
  -12.95000      8.2202331E-04
  -12.94000      1.1304291E-03
  -12.93000      1.4549468E-03
  -12.92000      1.7620060E-03
  -12.91000      2.0124826E-03
  -12.90000      2.1716114E-03
  -12.89000      2.2129507E-03
  -12.88000      2.1269838E-03
  -12.87000      1.9213924E-03
  -12.86000      1.6225666E-03
  -12.85000      1.2711734E-03
  -12.84000      9.1211771E-04
  -12.83000      5.9313281E-04
  -12.82000      3.4940918E-04
  -12.81000      1.9997805E-04
  -12.80000      1.4491352E-04
  -12.79000      1.6689849E-04
  -12.78000      2.3579480E-04
  -12.77000      3.1680739E-04
  -12.76000      3.7897521E-04
  -12.75000      4.0159599E-04
  -12.74000      3.7858798E-04
  -12.73000      3.1801077E-04
  -12.72000      2.3939999E-04
  -12.71000      1.6561808E-04
  -12.70000      1.1716592E-04
  -12.69000      1.0543217E-04
  -12.68000      1.2993262E-04
  -12.67000      1.7882889E-04
  -12.66000      2.3247059E-04
  -12.65000      2.7023858E-04
  -12.64000      2.7724836E-04
  -12.63000      2.4960129E-04
  -12.62000      1.9614614E-04
  -12.61000      1.3652159E-04
  -12.60000      9.6497912E-05
  -12.59000      9.9305893E-05
  -12.58000      1.5875255E-04
  -12.57000      2.7308255E-04
  -12.56000      4.2496581E-04
  -12.55000      5.8281730E-04
  -12.54000      7.0904754E-04
  -12.53000      7.7065395E-04
  -12.52000      7.4832089E-04
  -12.51000      6.4441975E-04
  -12.50000      4.8423713E-04
  -12.49000      3.1435557E-04
  -12.48000      1.9333897E-04
  -12.47000      1.7903277E-04
  -12.46000      3.1424305E-04
  -12.45000      6.1576249E-04
  -12.44000      1.0709203E-03
  -12.43000      1.6328803E-03
  -12.42000      2.2306852E-03
  -12.41000      2.7783741E-03
  -12.40000      3.1982933E-03
  -12.39000      3.4277034E-03
  -12.38000      3.4361628E-03
  -12.37000      3.2257901E-03
  -12.36000      2.8338579E-03
  -12.35000      2.3214163E-03
  -12.34000      1.7652899E-03
  -12.33000      1.2357922E-03
  -12.32000      7.9098094E-04
  -12.31000      4.6565864E-04
  -12.30000      2.6844430E-04
  -12.29000      1.8370828E-04
  -12.28000      1.7918737E-04
  -12.27000      2.1624625E-04
  -12.26000      2.5927319E-04
  -12.25000      2.8294956E-04
  -12.24000      2.7531578E-04
  -12.23000      2.3799304E-04
  -12.22000      1.8213982E-04
  -12.21000      1.2255515E-04
  -12.20000      7.2830626E-05
  -12.19000      4.1229796E-05
  -12.18000      2.9011184E-05
  -12.17000      3.1462481E-05
  -12.16000      4.0811246E-05
  -12.15000      4.9590471E-05
  -12.14000      5.3094300E-05
  -12.13000      5.0823717E-05
  -12.12000      4.5861216E-05
  -12.11000      4.2888456E-05
  -12.10000      4.5711869E-05
  -12.09000      5.5385699E-05
  -12.08000      6.9502377E-05
  -12.07000      8.2993771E-05
  -12.06000      9.0333779E-05
  -12.05000      8.8089466E-05
  -12.04000      7.6674718E-05
  -12.03000      6.0901981E-05
  -12.02000      4.8612965E-05
  -12.01000      4.7967034E-05
  -12.00000      6.3876410E-05
  -11.99000      9.5602722E-05
  -11.98000      1.3620926E-04
  -11.97000      1.7377610E-04
  -11.96000      1.9566504E-04
  -11.95000      1.9366309E-04
  -11.94000      1.6871569E-04
  -11.93000      1.3332663E-04
  -11.92000      1.1064803E-04
  -11.91000      1.3047889E-04
  -11.90000      2.2117725E-04
  -11.89000      4.0052697E-04
  -11.88000      6.6869991E-04
  -11.87000      1.0063375E-03
  -11.86000      1.3734294E-03
  -11.85000      1.7169911E-03
  -11.84000      1.9789431E-03
  -11.83000      2.1130019E-03
  -11.82000      2.0932879E-03
  -11.81000      1.9201291E-03
  -11.80000      1.6216418E-03
  -11.79000      1.2472237E-03
  -11.78000      8.5904461E-04
  -11.77000      5.1456940E-04
  -11.76000      2.5797132E-04
  -11.75000      1.0896562E-04
  -11.74000      6.4373853E-05
  -11.73000      9.9032288E-05
  -11.72000      1.7464711E-04
  -11.71000      2.5142427E-04
  -11.70000      2.9837363E-04
  -11.69000      3.0003238E-04
  -11.68000      2.5782950E-04
  -11.67000      1.8770710E-04
  -11.66000      1.1321915E-04
  -11.65000      5.6958204E-05
  -11.64000      3.3485212E-05
  -11.63000      4.5687844E-05
  -11.62000      8.5103035E-05
  -11.61000      1.3475759E-04
  -11.60000      1.7621565E-04
  -11.59000      1.9514080E-04
  -11.58000      1.8590230E-04
  -11.57000      1.5238179E-04
  -11.56000      1.0618367E-04
  -11.55000      6.2486040E-05
  -11.54000      3.4010332E-05
  -11.53000      2.7419210E-05
  -11.52000      4.1105963E-05
  -11.51000      6.6600616E-05
  -11.50000      9.1694717E-05
  -11.49000      1.0512382E-04
  -11.48000      1.0086617E-04
  -11.47000      8.0198806E-05
  -11.46000      5.1347844E-05
  -11.45000      2.6726597E-05
  -11.44000      1.8713616E-05
  -11.43000      3.5230143E-05
  -11.42000      7.6996323E-05
  -11.41000      1.3746257E-04
  -11.40000      2.0459860E-04
  -11.39000      2.6485350E-04
  -11.38000      3.0687184E-04
  -11.37000      3.2562378E-04
  -11.36000      3.2297609E-04
  -11.35000      3.0633947E-04
  -11.34000      2.8571938E-04
  -11.33000      2.6968704E-04
  -11.32000      2.6253823E-04
  -11.31000      2.6257584E-04
  -11.30000      2.6347046E-04
  -11.29000      2.5693991E-04
  -11.28000      2.3668013E-04
  -11.27000      2.0133831E-04
  -11.26000      1.5612225E-04
  -11.25000      1.1162248E-04
  -11.24000      8.0289239E-05
  -11.23000      7.2324787E-05
  -11.22000      9.2021910E-05
  -11.21000      1.3505736E-04
  -11.20000      1.8945603E-04
  -11.19000      2.3892919E-04
  -11.18000      2.6834197E-04
  -11.17000      2.6814290E-04
  -11.16000      2.3828898E-04
  -11.15000      1.8894530E-04
  -11.14000      1.3717654E-04
  -11.13000      1.0202875E-04
  -11.12000      9.7952732E-05
  -11.11000      1.3004687E-04
  -11.10000      1.9190590E-04
  -11.09000      2.6640535E-04
  -11.08000      3.3149312E-04
  -11.07000      3.6672133E-04
  -11.06000      3.6017149E-04
  -11.05000      3.1164259E-04
  -11.04000      2.3418863E-04
  -11.03000      1.4990273E-04
  -11.02000      8.3095416E-05
  -11.01000      5.1990050E-05
  -11.00000      6.3607738E-05
  -10.99000      1.1120892E-04
  -10.98000      1.7572605E-04
  -10.97000      2.3264374E-04
  -10.96000      2.5996051E-04
  -10.95000      2.4640263E-04
  -10.94000      1.9559363E-04
  -10.93000      1.2649267E-04
  -10.92000      6.8869136E-05
  -10.91000      5.4548673E-05
  -10.90000      1.0753799E-04
  -10.89000      2.3745382E-04
  -10.88000      4.3495127E-04
  -10.87000      6.7474280E-04
  -10.86000      9.2007848E-04
  -10.85000      1.1341003E-03
  -10.84000      1.2881053E-03
  -10.83000      1.3696473E-03
  -10.82000      1.3816614E-03
  -10.81000      1.3411917E-03
  -10.80000      1.2723845E-03
  -10.79000      1.1978896E-03
  -10.78000      1.1318043E-03
  -10.77000      1.0773694E-03
  -10.76000      1.0278750E-03
  -10.75000      9.7172218E-04
  -10.74000      8.9897751E-04
  -10.73000      8.0802705E-04
  -10.72000      7.0745242E-04
  -10.71000      6.1465165E-04
  -10.70000      5.5031374E-04
  -10.69000      5.3063774E-04
  -10.68000      5.6054950E-04
  -10.67000      6.2887458E-04
  -10.66000      7.1071240E-04
  -10.65000      7.7357603E-04
  -10.64000      7.8759395E-04
  -10.63000      7.3511444E-04
  -10.62000      6.1883562E-04
  -10.61000      4.6222215E-04
  -10.60000      3.0463576E-04
  -10.59000      1.9090505E-04
  -10.58000      1.5739970E-04
  -10.57000      2.2045217E-04
  -10.56000      3.7074188E-04
  -10.55000      5.7191652E-04
  -10.54000      7.7227218E-04
  -10.53000      9.1789279E-04
  -10.52000      9.6848514E-04
  -10.51000      9.0960664E-04
  -10.50000      7.5918308E-04
  -10.49000      5.6219054E-04
  -10.48000      3.8071338E-04
  -10.47000      2.7430026E-04
  -10.46000      2.8519789E-04
  -10.45000      4.2425332E-04
  -10.44000      6.6669285E-04
  -10.43000      9.6031075E-04
  -10.42000      1.2360637E-03
  -10.41000      1.4290706E-03
  -10.40000      1.4952642E-03
  -10.39000      1.4232791E-03
  -10.38000      1.2380672E-03
  -10.37000      9.9477486E-04
  -10.36000      7.6298520E-04
  -10.35000      6.0979946E-04
  -10.34000      5.8247405E-04
  -10.33000      6.9747394E-04
  -10.32000      9.3775010E-04
  -10.31000      1.2562029E-03
  -10.30000      1.5905394E-03
  -10.29000      1.8770038E-03
  -10.28000      2.0664069E-03
  -10.27000      2.1292381E-03
  -10.26000      2.0635745E-03
  -10.25000      1.8908486E-03
  -10.24000      1.6470896E-03
  -10.23000      1.3747945E-03
  -10.22000      1.1119639E-03
  -10.21000      8.8899717E-04
  -10.20000      7.2384242E-04
  -10.19000      6.2407955E-04
  -10.18000      5.8684126E-04
  -10.17000      6.0497713E-04
  -10.16000      6.6645409E-04
  -10.15000      7.5677352E-04
  -10.14000      8.6066651E-04
  -10.13000      9.5973461E-04
  -10.12000      1.0358454E-03
  -10.11000      1.0713647E-03
  -10.10000      1.0548191E-03
  -10.09000      9.8130514E-04
  -10.08000      8.5678033E-04
  -10.07000      6.9569837E-04
  -10.06000      5.1904318E-04
  -10.05000      3.5045738E-04
  -10.04000      2.0899628E-04
  -10.03000      1.0727154E-04
  -10.02000      4.7799935E-05
  -10.01000      2.4026744E-05
  -10.00000      2.4022307E-05
  -9.990000      3.5384888E-05
  -9.980000      4.9387814E-05
  -9.970000      6.3410313E-05
  -9.960000      8.0546131E-05
  -9.950000      1.0652984E-04
  -9.940000      1.4546409E-04
  -9.930000      1.9614177E-04
  -9.920000      2.5042566E-04
  -9.910000      2.9476584E-04
  -9.900000      3.1519448E-04
  -9.890000      3.0295216E-04
  -9.880000      2.5921015E-04
  -9.870000      1.9718781E-04
  -9.860000      1.3952324E-04
  -9.850000      1.1151360E-04
  -9.840000      1.3194801E-04
  -9.830000      2.0533982E-04
  -9.820000      3.1803295E-04
  -9.810000      4.4022274E-04
  -9.800000      5.3455180E-04
  -9.790000      5.6960853E-04
  -9.780000      5.3451478E-04
  -9.770000      4.4765673E-04
  -9.760000      3.5829237E-04
  -9.750000      3.3848124E-04
  -9.740000      4.6494062E-04
  -9.730000      7.9596991E-04
  -9.720000      1.3506393E-03
  -9.710000      2.0951603E-03
  -9.700000      2.9422978E-03
  -9.690000      3.7641283E-03
  -9.680000      4.4175633E-03
  -9.670000      4.7784559E-03
  -9.660000      4.7723721E-03
  -9.650000      4.3910765E-03
  -9.640000      3.6967529E-03
  -9.630000      2.8118677E-03
  -9.620000      1.8934131E-03
  -9.610000      1.0914860E-03
  -9.600000      5.1808864E-04
  -9.590000      2.2479262E-04
  -9.580000      1.9663345E-04
  -9.570000      3.6137699E-04
  -9.560000      6.1313505E-04
  -9.550000      8.4400212E-04
  -9.540000      9.7310357E-04
  -9.530000      9.6426922E-04
  -9.520000      8.3018193E-04
  -9.510000      6.2345312E-04
  -9.500000      4.1495572E-04
  -9.490000      2.6856939E-04
  -9.480000      2.2182992E-04
  -9.470000      2.7624017E-04
  -9.460000      3.9921506E-04
  -9.450000      5.3699029E-04
  -9.440000      6.3431665E-04
  -9.430000      6.5336545E-04
  -9.420000      5.8538106E-04
  -9.410000      4.5184713E-04
  -9.400000      2.9597196E-04
  -9.390000      1.6770280E-04
  -9.380000      1.0542473E-04
  -9.370000      1.2339951E-04
  -9.360000      2.0811717E-04
  -9.350000      3.2350598E-04
  -9.340000      4.2393676E-04
  -9.330000      4.7029788E-04
  -9.320000      4.4400286E-04
  -9.310000      3.5261115E-04
  -9.300000      2.2718259E-04
  -9.290000      1.1146880E-04
  -9.280000      4.7679099E-05
  -9.270000      6.2806212E-05
  -9.260000      1.6066614E-04
  -9.250000      3.2383573E-04
  -9.240000      5.2267354E-04
  -9.230000      7.2863116E-04
  -9.220000      9.2626148E-04
  -9.210000      1.1200981E-03
  -9.200000      1.3329322E-03
  -9.190000      1.5948251E-03
  -9.180000      1.9272307E-03
  -9.170000      2.3281439E-03
  -9.160000      2.7624723E-03
  -9.150000      3.1647421E-03
  -9.140000      3.4547537E-03
  -9.130000      3.5573291E-03
  -9.120000      3.4256466E-03
  -9.110000      3.0594252E-03
  -9.100000      2.5118005E-03
  -9.090000      1.8801740E-03
  -9.080000      1.2806518E-03
  -9.070000      8.1940129E-04
  -9.060000      5.6525425E-04
  -9.050000      5.3068373E-04
  -9.040000      6.7033380E-04
  -9.030000      8.9483825E-04
  -9.020000      1.0993496E-03
  -9.010000      1.1953267E-03
  -9.000000      1.1369280E-03
  -8.990000      9.3430682E-04
  -8.980000      6.4907852E-04
  -8.970000      3.7291957E-04
  -8.960000      1.9584179E-04
  -8.950000      1.7744719E-04
  -8.940000      3.2620860E-04
  -8.930000      5.9564342E-04
  -8.920000      8.9866843E-04
  -8.910000      1.1367390E-03
  -8.900000      1.2325004E-03
  -8.890000      1.1548515E-03
  -8.880000      9.2993019E-04
  -8.870000      6.3315226E-04
  -8.860000      3.6521378E-04
  -8.850000      2.1701977E-04
  -8.840000      2.3899984E-04
  -8.830000      4.2383850E-04
  -8.820000      7.0774258E-04
  -8.810000      9.9077343E-04
  -8.800000      1.1717421E-03
  -8.790000      1.1850784E-03
  -8.780000      1.0262696E-03
  -8.770000      7.5694674E-04
  -8.760000      4.8895966E-04
  -8.750000      3.5063550E-04
  -8.740000      4.4410129E-04
  -8.730000      8.1038312E-04
  -8.720000      1.4155325E-03
  -8.710000      2.1627333E-03
  -8.700000      2.9252898E-03
  -8.690000      3.5931130E-03
  -8.680000      4.1186940E-03
  -8.670000      4.5431727E-03
  -8.660000      4.9899863E-03
  -8.650000      5.6269644E-03
  -8.640000      6.6050952E-03
  -8.630000      7.9894951E-03
  -8.620000      9.7132390E-03
  -8.610000      1.1562346E-02
  -8.600000      1.3208305E-02
  -8.590000      1.4277992E-02
  -8.580000      1.4447928E-02
  -8.570000      1.3551080E-02
  -8.560000      1.1638639E-02
  -8.550000      8.9888088E-03
  -8.540000      6.0583027E-03
  -8.530000      3.3793312E-03
  -8.520000      1.4386771E-03
  -8.510000      5.4967066E-04
  -8.500000      7.6404581E-04
  -8.490000      1.8635069E-03
  -8.480000      3.4157489E-03
  -8.470000      4.8933751E-03
  -8.460000      5.8113690E-03
  -8.450000      5.8746673E-03
  -8.440000      5.0577885E-03
  -8.430000      3.6088456E-03
  -8.420000      1.9795320E-03
  -8.410000      6.9289835E-04
  -8.400000      1.8796480E-04
  -8.390000      6.7459181E-04
  -8.380000      2.0632809E-03
  -8.370000      3.9805793E-03
  -8.360000      5.8731046E-03
  -8.350000      7.1675694E-03
  -8.340000      7.4440693E-03
  -8.330000      6.5898276E-03
  -8.320000      4.8499359E-03
  -8.310000      2.7814219E-03
  -8.300000      1.1088660E-03
  -8.290000      5.1873911E-04
  -8.280000      1.4401585E-03
  -8.270000      3.8826452E-03
  -8.260000      7.3941415E-03
  -8.250000      1.1141879E-02
  -8.240000      1.4116007E-02
  -8.230000      1.5404033E-02
  -8.220000      1.4483280E-02
  -8.210000      1.1462318E-02
  -8.200000      7.1443231E-03
  -8.190000      2.9389095E-03
  -8.180000      6.1858690E-04
  -8.170000      1.9609977E-03
  -8.160000      8.3252313E-03
  -8.150000      2.0292213E-02
  -8.140000      3.7470054E-02
  -8.130000      5.8477748E-02
  -8.120000      8.1102997E-02
  -8.110000      0.1026271    
  -8.100000      0.1203076    
  -8.090000      0.1319290    
  -8.080000      0.1360833    
  -8.070000      0.1323873    
  -8.060000      0.1215144    
  -8.050000      0.1050777    
  -8.040000      8.5320570E-02
  -8.030000      6.4650491E-02
  -8.020000      4.5254830E-02
  -8.010000      2.8786406E-02
  -8.000000      1.6205635E-02
  -7.990000      7.7521517E-03
  -7.980000      3.0131037E-03
  -7.970000      1.1301975E-03
  -7.960000      1.0691470E-03
  -7.950000      1.8445740E-03
  -7.940000      2.6866803E-03
  -7.930000      3.1303517E-03
  -7.920000      3.0199368E-03
  -7.910000      2.4466615E-03
  -7.900000      1.6392262E-03
  -7.890000      8.5636956E-04
  -7.880000      3.0100363E-04
  -7.870000      7.0074195E-05
  -7.860000      1.4558418E-04
  -7.850000      4.2336248E-04
  -7.840000      7.6178607E-04
  -7.830000      1.0299347E-03
  -7.820000      1.1435789E-03
  -7.810000      1.0818267E-03
  -7.800000      8.8268612E-04
  -7.790000      6.2140432E-04
  -7.780000      3.8223772E-04
  -7.770000      2.3282955E-04
  -7.760000      2.0711083E-04
  -7.750000      2.9987399E-04
  -7.740000      4.7362203E-04
  -7.730000      6.7303074E-04
  -7.720000      8.4152370E-04
  -7.710000      9.3554164E-04
  -7.700000      9.3416037E-04
  -7.690000      8.4347674E-04
  -7.680000      6.9471548E-04
  -7.670000      5.3844688E-04
  -7.660000      4.3766343E-04
  -7.650000      4.6028508E-04
  -7.640000      6.7084050E-04
  -7.630000      1.1213594E-03
  -7.620000      1.8442348E-03
  -7.610000      2.8438200E-03
  -7.600000      4.0899236E-03
  -7.590000      5.5146893E-03
  -7.580000      7.0108585E-03
  -7.570000      8.4460163E-03
  -7.560000      9.6784877E-03
  -7.550000      1.0574229E-02
  -7.540000      1.1025883E-02
  -7.530000      1.0970624E-02
  -7.520000      1.0409156E-02
  -7.510000      9.4028674E-03
  -7.500000      8.0652488E-03
  -7.490000      6.5424391E-03
  -7.480000      4.9898503E-03
  -7.470000      3.5499644E-03
  -7.460000      2.3345216E-03
  -7.450000      1.4047181E-03
  -7.440000      7.7209802E-04
  -7.430000      4.0673403E-04
  -7.420000      2.4902742E-04
  -7.410000      2.2633180E-04
  -7.400000      2.6792550E-04
  -7.390000      3.1815498E-04
  -7.380000      3.4285654E-04
  -7.370000      3.2950586E-04
  -7.360000      2.8307017E-04
  -7.350000      2.1875645E-04
  -7.340000      1.5451253E-04
  -7.330000      1.0462537E-04
  -7.320000      7.6385666E-05
  -7.310000      6.9599904E-05
  -7.300000      7.8503232E-05
  -7.290000      9.4568109E-05
  -7.280000      1.0965532E-04
  -7.270000      1.1820515E-04
  -7.260000      1.1807507E-04
  -7.250000      1.1019066E-04
  -7.240000      9.7439464E-05
  -7.230000      8.3253406E-05
  -7.220000      7.0386188E-05
  -7.210000      6.0341838E-05
  -7.200000      5.3362593E-05
  -7.190000      4.8817452E-05
  -7.180000      4.5777506E-05
  -7.170000      4.3451942E-05
  -7.160000      4.1468844E-05
  -7.150000      3.9898736E-05
  -7.140000      3.9186369E-05
  -7.130000      4.0047729E-05
  -7.120000      4.3480795E-05
  -7.110000      5.0788069E-05
  -7.100000      6.3642714E-05
  -7.090000      8.4050509E-05
  -7.080000      1.1405738E-04
  -7.070000      1.5530310E-04
  -7.060000      2.0835418E-04
  -7.050000      2.7216031E-04
  -7.040000      3.4400483E-04
  -7.030000      4.1935747E-04
  -7.020000      4.9236469E-04
  -7.010000      5.5657508E-04
  -7.000000      6.0597371E-04
  -6.990000      6.3596864E-04
  -6.980000      6.4447511E-04
  -6.970000      6.3197338E-04
  -6.960000      6.0132099E-04
  -6.950000      5.5742252E-04
  -6.940000      5.0654478E-04
  -6.930000      4.5540382E-04
  -6.920000      4.1011930E-04
  -6.910000      3.7562195E-04
  -6.900000      3.5500023E-04
  -6.890000      3.4902187E-04
  -6.880000      3.5599346E-04
  -6.870000      3.7197312E-04
  -6.860000      3.9123066E-04
  -6.850000      4.0729140E-04
  -6.840000      4.1387384E-04
  -6.830000      4.0606543E-04
  -6.820000      3.8139414E-04
  -6.810000      3.4043545E-04
  -6.800000      2.8663912E-04
  -6.790000      2.2578756E-04
  -6.780000      1.6475405E-04
  -6.770000      1.1025718E-04
  -6.760000      6.7581677E-05
  -6.750000      3.9435097E-05
  -6.740000      2.5750476E-05
  -6.730000      2.4111663E-05
  -6.720000      3.0700903E-05
  -6.710000      4.1445703E-05
  -6.700000      5.3095489E-05
  -6.690000      6.3934342E-05
  -6.680000      7.3872012E-05
  -6.670000      8.3949169E-05
  -6.660000      9.5513118E-05
  -6.650000      1.0932416E-04
  -6.640000      1.2492303E-04
  -6.630000      1.4057117E-04
  -6.620000      1.5365898E-04
  -6.610000      1.6144673E-04
  -6.600000      1.6199499E-04
  -6.590000      1.5500517E-04
  -6.580000      1.4224870E-04
  -6.570000      1.2768786E-04
  -6.560000      1.1716604E-04
  -6.550000      1.1794739E-04
  -6.540000      1.3822984E-04
  -6.530000      1.8636188E-04
  -6.520000      2.7012985E-04
  -6.510000      3.9592103E-04
  -6.500000      5.6724111E-04
  -6.490000      7.8307802E-04
  -6.480000      1.0360286E-03
  -6.470000      1.3105633E-03
  -6.460000      1.5838322E-03
  -6.450000      1.8278348E-03
  -6.440000      2.0124740E-03
  -6.430000      2.1109702E-03
  -6.420000      2.1055087E-03
  -6.410000      1.9931134E-03
  -6.400000      1.7889251E-03
  -6.390000      1.5244938E-03
  -6.380000      1.2436936E-03
  -6.370000      9.9394645E-04
  -6.360000      8.1631000E-04
  -6.350000      7.3521765E-04
  -6.340000      7.5141538E-04
  -6.330000      8.4195775E-04
  -6.320000      9.6573116E-04
  -6.310000      1.0734391E-03
  -6.300000      1.1217715E-03
  -6.290000      1.0859001E-03
  -6.280000      9.6826680E-04
  -6.270000      7.9882459E-04
  -6.260000      6.2771834E-04
  -6.250000      5.1087711E-04
  -6.240000      4.9316464E-04
  -6.230000      5.9231243E-04
  -6.220000      7.9044577E-04
  -6.210000      1.0369645E-03
  -6.200000      1.2616744E-03
  -6.190000      1.3955126E-03
  -6.180000      1.3951001E-03
  -6.170000      1.2629539E-03
  -6.160000      1.0552420E-03
  -6.150000      8.7366649E-04
  -6.140000      8.4292953E-04
  -6.130000      1.0752153E-03
  -6.120000      1.6312415E-03
  -6.110000      2.4902110E-03
  -6.100000      3.5395944E-03
  -6.090000      4.5895102E-03
  -6.080000      5.4120822E-03
  -6.070000      5.7980930E-03
  -6.060000      5.6268065E-03
  -6.050000      4.9247835E-03
  -6.040000      3.8962404E-03
  -6.030000      2.9159870E-03
  -6.020000      2.4831365E-03
  -6.010000      3.1333440E-03
  -6.000000      5.3246110E-03
  -5.990000      9.3302419E-03
  -5.980000      1.5152852E-02
  -5.970000      2.2482168E-02
  -5.960000      3.0707067E-02
  -5.950000      3.8982965E-02
  -5.940000      4.6342809E-02
  -5.930000      5.1894002E-02
  -5.920000      5.4956067E-02
  -5.910000      5.5159897E-02
  -5.900000      5.2495029E-02
  -5.890000      4.7342643E-02
  -5.880000      4.0393524E-02
  -5.870000      3.2510024E-02
  -5.860000      2.4599355E-02
  -5.850000      1.7459311E-02
  -5.840000      1.1666992E-02
  -5.830000      7.5133462E-03
  -5.820000      4.9950182E-03
  -5.810000      3.8517963E-03
  -5.800000      3.6750645E-03
  -5.790000      4.0097395E-03
  -5.780000      4.4493834E-03
  -5.770000      4.7021122E-03
  -5.760000      4.6259859E-03
  -5.750000      4.2206077E-03
  -5.740000      3.5884622E-03
  -5.730000      2.8765711E-03
  -5.720000      2.2244374E-03
  -5.710000      1.7257374E-03
  -5.700000      1.4080190E-03
  -5.690000      1.2394432E-03
  -5.680000      1.1536728E-03
  -5.670000      1.0792242E-03
  -5.660000      9.6536533E-04
  -5.650000      7.9775008E-04
  -5.640000      5.9753237E-04
  -5.630000      4.0846426E-04
  -5.620000      2.7786862E-04
  -5.610000      2.3797905E-04
  -5.600000      2.9509430E-04
  -5.590000      4.2831412E-04
  -5.580000      5.9923058E-04
  -5.570000      7.6611451E-04
  -5.560000      8.9699967E-04
  -5.550000      9.7637629E-04
  -5.540000      1.0044507E-03
  -5.530000      9.8953000E-04
  -5.520000      9.3978085E-04
  -5.510000      8.5832295E-04
  -5.500000      7.4836845E-04
  -5.490000      6.2803377E-04
  -5.480000      5.5154343E-04
  -5.470000      6.2687893E-04
  -5.460000      1.0200898E-03
  -5.450000      1.9415551E-03
  -5.440000      3.6061218E-03
  -5.430000      6.1753434E-03
  -5.420000      9.6845981E-03
  -5.410000      1.3996234E-02
  -5.400000      1.8785952E-02
  -5.390000      2.3560563E-02
  -5.380000      2.7720820E-02
  -5.370000      3.0662157E-02
  -5.360000      3.1886902E-02
  -5.350000      3.1134721E-02
  -5.340000      2.8454855E-02
  -5.330000      2.4196429E-02
  -5.320000      1.8966943E-02
  -5.310000      1.3516144E-02
  -5.300000      8.5963728E-03
  -5.290000      4.7929315E-03
  -5.280000      2.4261244E-03
  -5.270000      1.5110574E-03
  -5.260000      1.7778797E-03
  -5.250000      2.7538021E-03
  -5.240000      3.8924692E-03
  -5.230000      4.7173705E-03
  -5.220000      4.9286815E-03
  -5.210000      4.4566547E-03
  -5.200000      3.4505604E-03
  -5.190000      2.2137756E-03
  -5.180000      1.1009052E-03
  -5.170000      4.0442386E-04
  -5.160000      2.7322961E-04
  -5.150000      6.8085187E-04
  -5.140000      1.4453639E-03
  -5.130000      2.2899136E-03
  -5.120000      2.9357406E-03
  -5.110000      3.1863914E-03
  -5.100000      2.9802874E-03
  -5.090000      2.3976397E-03
  -5.080000      1.6289878E-03
  -5.070000      9.0909516E-04
  -5.060000      4.3842947E-04
  -5.050000      3.2106115E-04
  -5.040000      5.4016541E-04
  -5.030000      9.7343879E-04
  -5.020000      1.4379910E-03
  -5.010000      1.7540063E-03
  -5.000000      1.8070743E-03
  -4.990000      1.5829011E-03
  -4.980000      1.1664924E-03
  -4.970000      7.0833653E-04
  -4.960000      3.7119800E-04
  -4.950000      2.7316928E-04
  -4.940000      4.4750870E-04
  -4.930000      8.3482679E-04
  -4.920000      1.3077796E-03
  -4.910000      1.7180047E-03
  -4.900000      1.9492130E-03
  -4.890000      1.9592084E-03
  -4.880000      1.7946215E-03
  -4.870000      1.5695437E-03
  -4.860000      1.4216115E-03
  -4.850000      1.4581425E-03
  -4.840000      1.7117369E-03
  -4.830000      2.1210720E-03
  -4.820000      2.5493426E-03
  -4.810000      2.8297498E-03
  -4.800000      2.8276721E-03
  -4.790000      2.4917524E-03
  -4.780000      1.8825491E-03
  -4.770000      1.1643944E-03
  -4.760000      5.5355951E-04
  -4.750000      2.5068704E-04
  -4.740000      3.7262260E-04
  -4.730000      9.0841122E-04
  -4.720000      1.7104098E-03
  -4.710000      2.5377898E-03
  -4.700000      3.1343061E-03
  -4.690000      3.3090010E-03
  -4.680000      3.0030203E-03
  -4.670000      2.3132465E-03
  -4.660000      1.4719863E-03
  -4.650000      7.7323074E-04
  -4.640000      4.7425812E-04
  -4.630000      7.1116054E-04
  -4.620000      1.4494373E-03
  -4.610000      2.4865579E-03
  -4.600000      3.5092020E-03
  -4.590000      4.1969325E-03
  -4.580000      4.3284041E-03
  -4.570000      3.8527735E-03
  -4.560000      2.9185875E-03
  -4.550000      1.8275176E-03
  -4.540000      9.4269065E-04
  -4.530000      5.6043098E-04
  -4.520000      8.1122119E-04
  -4.510000      1.6112581E-03
  -4.500000      2.6824686E-03
  -4.490000      3.6393076E-03
  -4.480000      4.1215415E-03
  -4.470000      3.9347066E-03
  -4.460000      3.1310909E-03
  -4.450000      2.0178375E-03
  -4.440000      1.0834105E-03
  -4.430000      8.5357856E-04
  -4.420000      1.7193231E-03
  -4.410000      3.7948261E-03
  -4.400000      6.8557104E-03
  -4.390000      1.0372470E-02
  -4.380000      1.3641138E-02
  -4.370000      1.5967395E-02
  -4.360000      1.6871519E-02
  -4.350000      1.6229529E-02
  -4.340000      1.4294401E-02
  -4.330000      1.1620679E-02
  -4.320000      8.9053810E-03
  -4.310000      6.7835837E-03
  -4.300000      5.6299823E-03
  -4.290000      5.4595438E-03
  -4.280000      5.9486246E-03
  -4.270000      6.5658311E-03
  -4.260000      6.7679640E-03
  -4.250000      6.2057092E-03
  -4.240000      4.8627607E-03
  -4.230000      3.0848624E-03
  -4.220000      1.4673455E-03
  -4.210000      6.5922458E-04
  -4.200000      1.1228452E-03
  -4.190000      2.9402226E-03
  -4.180000      5.7411008E-03
  -4.170000      8.7842867E-03
  -4.160000      1.1168174E-02
  -4.150000      1.2113301E-02
  -4.140000      1.1239901E-02
  -4.130000      8.7405099E-03
  -4.120000      5.3697811E-03
  -4.110000      2.2452802E-03
  -4.100000      5.1463919E-04
  -4.090000      9.9491142E-04
  -4.080000      3.8713680E-03
  -4.070000      8.5637504E-03
  -4.060000      1.3860174E-02
  -4.050000      1.8247396E-02
  -4.040000      2.0372709E-02
  -4.030000      1.9495917E-02
  -4.020000      1.5811052E-02
  -4.010000      1.0494806E-02
  -4.000000      5.4258066E-03
  -3.990000      2.6845029E-03
  -3.980000      3.9308956E-03
  -3.970000      9.8411329E-03
  -3.960000      1.9724390E-02
  -3.950000      3.1579133E-02
  -3.940000      4.2557940E-02
  -3.930000      4.9691986E-02
  -3.920000      5.0766196E-02
  -3.910000      4.5077328E-02
  -3.900000      3.3983275E-02
  -3.890000      2.0849543E-02
  -3.880000      1.0487569E-02
  -3.870000      8.2100993E-03
  -3.860000      1.8642779E-02
  -3.850000      4.4585750E-02
  -3.840000      8.6075313E-02
  -3.830000      0.1401671    
  -3.820000      0.2013341    
  -3.810000      0.2622622    
  -3.800000      0.3151712    
  -3.790000      0.3530684    
  -3.780000      0.3711340    
  -3.770000      0.3676089    
  -3.760000      0.3437729    
  -3.750000      0.3035976    
  -3.740000      0.2528014    
  -3.730000      0.1979199    
  -3.720000      0.1452240    
  -3.710000      9.9519908E-02
  -3.700000      6.3722722E-02
  -3.690000      3.8753949E-02
  -3.680000      2.3747541E-02
  -3.670000      1.6640661E-02
  -3.660000      1.4753682E-02
  -3.650000      1.5453963E-02
  -3.640000      1.6659277E-02
  -3.630000      1.7052345E-02
  -3.620000      1.6119722E-02
  -3.610000      1.3992036E-02
  -3.600000      1.1203708E-02
  -3.590000      8.4031550E-03
  -3.580000      6.1369371E-03
  -3.570000      4.7183223E-03
  -3.560000      4.1940073E-03
  -3.550000      4.3808133E-03
  -3.540000      4.9559865E-03
  -3.530000      5.5689877E-03
  -3.520000      5.9308354E-03
  -3.510000      5.8701411E-03
  -3.500000      5.3563658E-03
  -3.490000      4.4863932E-03
  -3.480000      3.4442768E-03
  -3.470000      2.4464098E-03
  -3.460000      1.6879051E-03
  -3.450000      1.2960293E-03
  -3.440000      1.3024709E-03
  -3.430000      1.6373994E-03
  -3.420000      2.1520876E-03
  -3.410000      2.6641670E-03
  -3.400000      3.0106327E-03
  -3.390000      3.0981817E-03
  -3.380000      2.9373995E-03
  -3.370000      2.6456437E-03
  -3.360000      2.4148151E-03
  -3.350000      2.4482661E-03
  -3.340000      2.8907461E-03
  -3.330000      3.7663586E-03
  -3.320000      4.9489541E-03
  -3.310000      6.1810948E-03
  -3.300000      7.1443222E-03
  -3.290000      7.5553120E-03
  -3.280000      7.2636753E-03
  -3.270000      6.3244356E-03
  -3.260000      5.0135418E-03
  -3.250000      3.7672934E-03
  -3.240000      3.0677256E-03
  -3.230000      3.3038403E-03
  -3.220000      4.6441178E-03
  -3.210000      6.9639282E-03
  -3.200000      9.8431632E-03
  -3.190000      1.2668329E-02
  -3.180000      1.4797730E-02
  -3.170000      1.5730556E-02
  -3.160000      1.5242299E-02
  -3.150000      1.3449775E-02
  -3.140000      1.0799771E-02
  -3.130000      7.9246471E-03
  -3.120000      5.4663629E-03
  -3.110000      3.8938320E-03
  -3.100000      3.3790593E-03
  -3.090000      3.7589865E-03
  -3.080000      4.6062167E-03
  -3.070000      5.3813886E-03
  -3.060000      5.6228270E-03
  -3.050000      5.0995410E-03
  -3.040000      3.8903218E-03
  -3.030000      2.3637649E-03
  -3.020000      1.0524347E-03
  -3.010000      4.5899715E-04
  -3.000000      8.8299875E-04
  -2.990000      2.3079452E-03
  -2.980000      4.3867193E-03
  -2.970000      6.5323571E-03
  -2.960000      8.1013041E-03
  -2.950000      8.6084371E-03
  -2.940000      7.8863502E-03
  -2.930000      6.1447122E-03
  -2.920000      3.9118174E-03
  -2.910000      1.8828409E-03
  -2.900000      6.9261016E-04
  -2.890000      7.1050390E-04
  -2.880000      1.9260359E-03
  -2.870000      3.9453884E-03
  -2.860000      6.1140144E-03
  -2.850000      7.7250111E-03
  -2.840000      8.2566962E-03
  -2.830000      7.5435359E-03
  -2.820000      5.8311904E-03
  -2.810000      3.7111393E-03
  -2.800000      1.9370234E-03
  -2.790000      1.1922962E-03
  -2.780000      1.8554364E-03
  -2.770000      3.8874461E-03
  -2.760000      6.8420237E-03
  -2.750000      1.0002149E-02
  -2.740000      1.2587389E-02
  -2.730000      1.3985023E-02
  -2.720000      1.3931300E-02
  -2.710000      1.2563679E-02
  -2.700000      1.0351675E-02
  -2.690000      7.9198666E-03
  -2.680000      5.8413744E-03
  -2.670000      4.4637239E-03
  -2.660000      3.8206032E-03
  -2.650000      3.6740084E-03
  -2.640000      3.6541275E-03
  -2.630000      3.4339584E-03
  -2.620000      2.8852313E-03
  -2.610000      2.1463900E-03
  -2.600000      1.5714137E-03
  -2.590000      1.5824724E-03
  -2.580000      2.4849023E-03
  -2.570000      4.2954376E-03
  -2.560000      6.6776457E-03
  -2.550000      9.0037882E-03
  -2.540000      1.0561741E-02
  -2.530000      1.0796407E-02
  -2.520000      9.5313443E-03
  -2.510000      7.0788250E-03
  -2.500000      4.1988939E-03
  -2.490000      1.8819321E-03
  -2.480000      1.0235113E-03
  -2.470000      2.1182075E-03
  -2.460000      5.0518471E-03
  -2.450000      9.0824179E-03
  -2.440000      1.3038594E-02
  -2.430000      1.5694300E-02
  -2.420000      1.6180793E-02
  -2.410000      1.4292321E-02
  -2.400000      1.0615473E-02
  -2.390000      6.3903253E-03
  -2.380000      3.1397231E-03
  -2.370000      2.1298905E-03
  -2.360000      3.9253002E-03
  -2.350000      8.1492262E-03
  -2.340000      1.3542484E-02
  -2.330000      1.8310437E-02
  -2.320000      2.0739630E-02
  -2.310000      1.9861877E-02
  -2.300000      1.5917288E-02
  -2.290000      1.0452989E-02
  -2.280000      6.0056034E-03
  -2.270000      5.4486925E-03
  -2.260000      1.1104990E-02
  -2.250000      2.3943458E-02
  -2.240000      4.3082334E-02
  -2.230000      6.5850832E-02
  -2.220000      8.8331319E-02
  -2.210000      0.1062497    
  -2.200000      0.1161249    
  -2.190000      0.1161552    
  -2.180000      0.1066540    
  -2.170000      8.9942485E-02
  -2.160000      6.9750860E-02
  -2.150000      5.0200634E-02
  -2.140000      3.4627941E-02
  -2.130000      2.4678312E-02
  -2.120000      2.0132944E-02
  -2.110000      1.9229509E-02
  -2.100000      1.9457716E-02
  -2.090000      1.8564807E-02
  -2.080000      1.5457760E-02
  -2.070000      1.0626968E-02
  -2.060000      5.9479130E-03
  -2.050000      3.9474638E-03
  -2.040000      6.7601316E-03
  -2.030000      1.5113706E-02
  -2.020000      2.7763451E-02
  -2.010000      4.1651700E-02
  -2.000000      5.2739657E-02
  -1.990000      5.7340093E-02
  -1.980000      5.3434156E-02
  -1.970000      4.1725736E-02
  -1.960000      2.5691781E-02
  -1.950000      1.0780643E-02
  -1.940000      2.8379965E-03
  -1.930000      6.1612078E-03
  -1.920000      2.1792529E-02
  -1.910000      4.6676800E-02
  -1.900000      7.4288614E-02
  -1.890000      9.6356280E-02
  -1.880000      0.1054158    
  -1.870000      9.7464554E-02
  -1.860000      7.3972970E-02
  -1.850000      4.2404603E-02
  -1.840000      1.4471124E-02
  -1.830000      3.0070723E-03
  -1.820000      1.7993521E-02
  -1.810000      6.2764116E-02
  -1.800000      0.1314301    
  -1.790000      0.2090370    
  -1.780000      0.2751067    
  -1.770000      0.3090414    
  -1.760000      0.2969015    
  -1.750000      0.2372982    
  -1.740000      0.1457068    
  -1.730000      5.5132229E-02
  -1.720000      1.1751622E-02
  -1.710000      6.6465005E-02
  -1.700000      0.2645606    
  -1.690000      0.6352643    
  -1.680000       1.180650    
  -1.670000       1.867389    
  -1.660000       2.635105    
  -1.650000       3.406173    
  -1.640000       4.094706    
  -1.630000       4.612252    
  -1.620000       4.922569    
  -1.610000       5.064930    
  -1.600000       4.950104    
  -1.590000       4.395064    
  -1.580000       3.540116    
  -1.570000       2.668620    
  -1.560000       1.870306    
  -1.550000       1.247788    
  -1.540000      0.7336985    
  -1.530000      0.3492169    
  -1.520000      0.1218781    
  -1.510000      2.2096315E-02
  -1.500000      1.1297137E-02
  -1.490000      5.5131920E-02
  -1.480000      0.1187749    
  -1.470000      0.1563778    
  -1.460000      0.1563966    
  -1.450000      0.1430140    
  -1.440000      0.1270126    
  -1.430000      8.7038733E-02
  -1.420000      3.9846368E-02
  -1.410000      1.3069758E-02
  -1.400000      3.4693880E-03
  -1.390000      6.0442365E-03
  -1.380000      1.8172473E-02
  -1.370000      3.2165233E-02
  -1.360000      3.9471146E-02
  -1.350000      3.7458885E-02
  -1.340000      3.1900670E-02
  -1.330000      3.4248255E-02
  -1.320000      6.2313750E-02
  -1.310000      7.7171378E-02
  -1.300000      3.8337126E-02
  -1.290000      7.6910863E-03
  -1.280000      2.8724719E-03
  -1.270000      6.1670714E-03
  -1.260000      1.4548322E-02
  -1.250000      1.3633039E-02
  -1.240000      1.0121198E-02
  -1.230000      1.0814525E-02
  -1.220000      2.8285334E-02
  -1.210000      0.1468339    
  -1.200000      0.2231399    
  -1.190000      8.6381361E-02
  -1.180000      2.2867294E-02
  -1.170000      1.1777664E-02
  -1.160000      1.4144090E-02
  -1.150000      3.7757870E-02
  -1.140000      5.5304751E-02
  -1.130000      3.9130174E-02
  -1.120000      1.8149531E-02
  -1.110000      1.0190339E-02
  -1.100000      9.5450133E-03
  -1.090000      2.0900106E-02
  -1.080000      4.5010533E-02
  -1.070000      6.5743126E-02
  -1.060000      3.3509109E-02
  -1.050000      2.1123737E-03
  -1.040000     -3.7203387E-03
  -1.030000      2.3666335E-02
  -1.020000      0.2104036    
  -1.010000      0.1712164    
  -1.000000      4.0639147E-02
 -0.9900000      2.1066973E-02
 -0.9800000      1.5330142E-02
 -0.9700000      5.8447262E-03
 -0.9600000      4.4014687E-03
 -0.9500000      2.8773732E-03
 -0.9400000      1.3754521E-03
 -0.9300000      8.2798320E-04
 -0.9200000      2.4106426E-03
 -0.9100000      1.2649382E-02
 -0.9000000      1.7286256E-02
 -0.8900000      3.6882195E-03
 -0.8800000      2.5701415E-04
 -0.8700000      4.1136672E-03
 -0.8600000      5.3317454E-03
 -0.8500000      9.4275386E-04
 -0.8400000      2.9564215E-04
 -0.8300000      2.0632967E-04
 -0.8200000      2.1363623E-04
 -0.8100000      5.2028470E-04
 -0.8000000      3.8535113E-04
 -0.7900000      4.3547034E-04
 -0.7800000      3.0387481E-04
 -0.7700000      2.0210972E-04
 -0.7600000      1.8789835E-04
 -0.7500000      1.9130831E-04
 -0.7400000      2.0441102E-04
 -0.7300000      2.6276181E-04
 -0.7200000      3.6498174E-04
 -0.7100000      1.0201205E-03
 -0.7000000      7.9116726E-04
 -0.6900000      1.6403147E-03
 -0.6800000      9.3911617E-04
 -0.6700000      4.9799710E-04
 -0.6600000      1.1325509E-03
 -0.6500000      9.1541075E-04
 -0.6400000      6.6753861E-04
 -0.6300000      5.9567194E-04
 -0.6200000      3.1033455E-04
 -0.6100000      2.0240857E-04
 -0.6000000      1.9329999E-04
 -0.5900000      1.0211376E-04
 -0.5800000      7.8934776E-05
 -0.5700000      3.9804820E-04
 -0.5600000      8.3680660E-04
 -0.5500000      2.3556767E-04
 -0.5400000      1.0754963E-04
 -0.5300000      1.8643873E-04
 -0.5200000      2.9391143E-04
 -0.5100000      1.3766991E-04
 -0.5000000      1.2667722E-05
 -0.4900000      1.2113373E-04
 -0.4800000      1.5143825E-03
 -0.4700000      1.5802725E-03
 -0.4600000      1.9835914E-04
 -0.4500000      6.6105196E-05
 -0.4400000      1.0804401E-04
 -0.4300000      1.5309587E-04
 -0.4200000      2.1812876E-04
 -0.4100000      3.2451938E-04
 -0.4000000      3.6128357E-04
 -0.3900000      4.1540028E-04
 -0.3800000      5.0741894E-04
 -0.3700000      6.1034842E-04
 -0.3600000      6.8777439E-04
 -0.3500000      7.4132712E-04
 -0.3400000      1.0000332E-03
 -0.3300000      4.9043102E-03
 -0.3200000      1.2309835E-02
 -0.3100000      2.4573077E-02
 -0.3000000      4.3572199E-02
 -0.2900000      2.1607967E-02
 -0.2800000      1.1956040E-02
 -0.2700000      2.3541437E-02
 -0.2600000      8.1632128E-03
 -0.2500000      2.4481933E-03
 -0.2400000      2.1796746E-03
 -0.2300000      1.7329111E-03
 -0.2200000      1.9784656E-03
 -0.2100000      2.0148978E-03
 -0.2000000      7.9938193E-04
 -0.1900000      8.4584701E-04
 -0.1800000      8.9617271E-04
 -0.1700000      1.5873540E-03
 -0.1600000      2.0272702E-03
 -0.1500000      9.7442814E-04
 -0.1400000      4.0113414E-04
 -0.1300000      5.1841169E-04
 -0.1200000      9.5230358E-04
 -0.1100000      9.7998662E-04
 -0.1000000      1.1386210E-03
 -9.0000004E-02  9.0861105E-04
 -7.9999998E-02  5.2537990E-04
 -7.0000000E-02  9.3709643E-04
 -5.9999999E-02  1.6613648E-03
 -5.0000001E-02  1.0546589E-03
 -3.9999999E-02  8.5569540E-04
 -2.9999999E-02  1.0185307E-03
 -2.0000000E-02  1.6742453E-03
 -9.9999998E-03  1.0598664E-03
  0.0000000E+00  5.1537575E-04
  9.9999998E-03  3.8288638E-04
  2.0000000E-02  7.8404241E-04
  2.9999999E-02  2.8993974E-03
  3.9999999E-02  2.7234862E-03
  5.0000001E-02  1.2318770E-03
  5.9999999E-02  3.2596863E-04
  7.0000000E-02  2.9479770E-04
  7.9999998E-02  7.9336402E-04
  9.0000004E-02  1.5762113E-03
  0.1000000      1.7450970E-03
  0.1100000      2.0417215E-03
  0.1200000      1.2090673E-03
  0.1300000      9.6741406E-04
  0.1400000      8.4142864E-04
  0.1500000      2.5888302E-03
  0.1600000      6.1533307E-03
  0.1700000      2.6797859E-03
  0.1800000      3.3189859E-03
  0.1900000      3.3604789E-03
  0.2000000      1.9590571E-03
  0.2100000      8.3760306E-04
  0.2200000      1.8455146E-03
  0.2300000      9.4880937E-03
  0.2400000      4.3367650E-02
  0.2500000      3.0457802E-02
  0.2600000      8.4770378E-03
  0.2700000      8.9848703E-03
  0.2800000      6.3089109E-03
  0.2900000      1.5691126E-02
  0.3000000      6.6696160E-02
  0.3100000      5.0637405E-02
  0.3200000      0.1022038    
  0.3300000      0.1679474    
  0.3400000      0.2576833    
  0.3500000      0.1918746    
  0.3600000      0.1941469    
  0.3700000      0.2467061    
  0.3800000      0.4791097    
  0.3900000      0.1165733    
  0.4000000      0.1473016    
  0.4100000      0.1345210    
  0.4200000      2.1267975E-02
  0.4300000      8.8286772E-03
  0.4400000      1.1748721E-02
  0.4500000      1.5320585E-02
  0.4600000      1.8889718E-02
  0.4700000      2.3730796E-02
  0.4800000      2.8619280E-02
  0.4900000      4.3327991E-02
  0.5000000      6.0703080E-02
  0.5100000      5.5086270E-02
  0.5200000      0.1471344    
  0.5300000      0.1482486    
  0.5400000      5.7733726E-02
  0.5500000      6.8062410E-02
  0.5600000      0.4215411    
  0.5700000      0.6237314    
  0.5800000      8.6824879E-02
  0.5900000      2.2002725E-02
  0.6000000      0.4352604    
  0.6100000       1.162029    
  0.6200000      0.2288891    
  0.6300000     -9.7201327E-03
  0.6400000     -1.1120817E-02
  0.6500000     -7.1134144E-03
  0.6600000     -4.6069613E-03
  0.6700000      0.1102627    
  0.6800000      0.5444091    
  0.6900000      0.2421021    
  0.7000000      6.1947156E-02
  0.7100000      1.7443072E-02
  0.7200000      7.9101725E-03
  0.7300000      4.3013627E-03
  0.7400000      1.4765868E-03
  0.7500000      9.9201314E-04
  0.7600000      4.7260006E-03
  0.7700000      1.9896401E-02
  0.7800000      1.0917608E-02
  0.7900000      2.7094297E-03
  0.8000000      2.1734759E-03
  0.8100000      2.9335984E-03
  0.8200000      5.6007248E-03
  0.8300000      3.8827655E-03
  0.8400000      2.3502808E-03
  0.8500000      7.7575271E-04
  0.8600000      5.8053655E-04
  0.8700000      7.2047272E-04
  0.8800000      1.1330857E-03
  0.8900000      1.8333425E-03
  0.9000000      1.5514570E-03
  0.9100000      1.7776137E-03
  0.9200000      1.3241471E-03
  0.9300000      1.1874100E-03
  0.9400000      1.3660183E-03
  0.9500000      1.7066202E-03
  0.9600000      8.5866696E-04
  0.9700000      1.6080724E-03
  0.9800000      8.3531928E-04
  0.9900000      1.6802569E-03
   1.000000      2.6367691E-03
   1.010000      2.1798746E-03
   1.020000      3.2458494E-03
   1.030000      7.0796157E-03
   1.040000      9.6086441E-03
   1.050000      2.6539644E-02
   1.060000      7.1235843E-02
   1.070000      0.1455166    
   1.080000      0.1022757    
   1.090000      3.7503738E-02
   1.100000      5.5087231E-02
   1.110000      7.2877251E-02
   1.120000      5.2039307E-02
   1.130000      4.2750955E-02
   1.140000      7.2102092E-02
   1.150000      8.0693223E-02
   1.160000      8.8614509E-02
   1.170000      9.0907879E-02
   1.180000      9.0615913E-02
   1.190000      3.4319848E-02
   1.200000      7.9927873E-03
   1.210000      1.1920985E-02
   1.220000      2.0480223E-02
   1.230000      6.1503559E-02
   1.240000      0.1424465    
   1.250000      0.1231527    
   1.260000      3.2614239E-02
   1.270000      1.4224076E-02
   1.280000      2.0075982E-02
   1.290000      1.2264693E-02
   1.300000      5.7475921E-03
   1.310000      8.4689772E-03
   1.320000      1.8080151E-02
   1.330000      3.6636822E-02
   1.340000      5.2954201E-02
   1.350000      5.7023916E-02
   1.360000      5.4950133E-02
   1.370000      6.6021249E-02
   1.380000      5.9401967E-02
   1.390000      2.5467519E-02
   1.400000      7.0515848E-03
   1.410000      6.6654827E-03
   1.420000      1.4256436E-02
   1.430000      2.3891330E-02
   1.440000      3.5620246E-02
   1.450000      4.8199732E-02
   1.460000      5.1941704E-02
   1.470000      4.6785209E-02
   1.480000      3.5614055E-02
   1.490000      2.2053128E-02
   1.500000      1.0867038E-02
   1.510000      4.1674301E-03
   1.520000      4.4260649E-03
   1.530000      1.2022453E-02
   1.540000      2.5522580E-02
   1.550000      4.3656036E-02
   1.560000      5.9532925E-02
   1.570000      6.9254048E-02
   1.580000      7.5370878E-02
   1.590000      7.2870739E-02
   1.600000      6.0416553E-02
   1.610000      4.4458024E-02
   1.620000      2.9309718E-02
   1.630000      1.6582938E-02
   1.640000      7.9633687E-03
   1.650000      3.6601950E-03
   1.660000      2.5657723E-03
   1.670000      3.1610753E-03
   1.680000      3.9653317E-03
   1.690000      4.0694014E-03
   1.700000      3.3975819E-03
   1.710000      2.5877389E-03
   1.720000      2.5685225E-03
   1.730000      4.0712892E-03
   1.740000      7.2267991E-03
   1.750000      1.1428556E-02
   1.760000      1.5485355E-02
   1.770000      1.8060222E-02
   1.780000      1.8192932E-02
   1.790000      1.5694084E-02
   1.800000      1.1299646E-02
   1.810000      6.4912755E-03
   1.820000      3.0435778E-03
   1.830000      2.3936636E-03
   1.840000      5.1013939E-03
   1.850000      1.0618443E-02
   1.860000      1.7404549E-02
   1.870000      2.3380553E-02
   1.880000      2.6583126E-02
   1.890000      2.5899176E-02
   1.900000      2.1476243E-02
   1.910000      1.4714436E-02
   1.920000      7.8652948E-03
   1.930000      3.3227764E-03
   1.940000      2.8311063E-03
   1.950000      6.8169390E-03
   1.960000      1.4179463E-02
   1.970000      2.2589326E-02
   1.980000      2.9220076E-02
   1.990000      3.1691387E-02
   2.000000      2.8939644E-02
   2.010000      2.1817189E-02
   2.020000      1.3007840E-02
   2.030000      6.4370176E-03
   2.040000      6.1995215E-03
   2.050000      1.5322153E-02
   2.060000      3.4712981E-02
   2.070000      6.2711880E-02
   2.080000      9.5288761E-02
   2.090000      0.1268186    
   2.100000      0.1514113    
   2.110000      0.1643536    
   2.120000      0.1632823    
   2.130000      0.1487664    
   2.140000      0.1238931    
   2.150000      9.3426779E-02
   2.160000      6.2678881E-02
   2.170000      3.6318716E-02
   2.180000      1.7297829E-02
   2.190000      6.3434890E-03
   2.200000      2.2042172E-03
   2.210000      2.4129981E-03
   2.220000      4.2369636E-03
   2.230000      5.5744001E-03
   2.240000      5.5065020E-03
   2.250000      4.3925880E-03
   2.260000      3.4312876E-03
   2.270000      3.9861957E-03
   2.280000      6.8717287E-03
   2.290000      1.1892014E-02
   2.300000      1.7810181E-02
   2.310000      2.2761974E-02
   2.320000      2.4937898E-02
   2.330000      2.3325786E-02
   2.340000      1.8230762E-02
   2.350000      1.1328844E-02
   2.360000      5.1863231E-03
   2.370000      2.4063918E-03
   2.380000      4.7137369E-03
   2.390000      1.2240215E-02
   2.400000      2.3264579E-02
   2.410000      3.4571014E-02
   2.420000      4.2501859E-02
   2.430000      4.4198759E-02
   2.440000      3.8709350E-02
   2.450000      2.7592059E-02
   2.460000      1.4806334E-02
   2.470000      5.7455883E-03
   2.480000      5.5958237E-03
   2.490000      1.7558528E-02
   2.500000      4.1481122E-02
   2.510000      7.3394075E-02
   2.520000      0.1060325    
   2.530000      0.1306457    
   2.540000      0.1396421    
   2.550000      0.1291364    
   2.560000      0.1010381    
   2.570000      6.3844502E-02
   2.580000      3.2018688E-02
   2.590000      2.3144459E-02
   2.600000      5.4302294E-02
   2.610000      0.1379971    
   2.620000      0.2788692    
   2.630000      0.4713704    
   2.640000      0.6987681    
   2.650000      0.9362052    
   2.660000       1.154979    
   2.670000       1.327096    
   2.680000       1.430254    
   2.690000       1.451023    
   2.700000       1.387687    
   2.710000       1.250211    
   2.720000       1.058064    
   2.730000      0.8367628    
   2.740000      0.6129763    
   2.750000      0.4104381    
   2.760000      0.2463994    
   2.770000      0.1288516    
   2.780000      5.7359356E-02
   2.790000      2.4795238E-02
   2.800000      1.9823233E-02
   2.810000      2.9825591E-02
   2.820000      4.3511085E-02
   2.830000      5.2940406E-02
   2.840000      5.4288495E-02
   2.850000      4.7550011E-02
   2.860000      3.5452686E-02
   2.870000      2.2008024E-02
   2.880000      1.1053069E-02
   2.890000      5.1048179E-03
   2.900000      4.8642457E-03
   2.910000      9.3172165E-03
   2.920000      1.6286924E-02
   2.930000      2.3188144E-02
   2.940000      2.7811265E-02
   2.950000      2.8898997E-02
   2.960000      2.6332609E-02
   2.970000      2.1009298E-02
   2.980000      1.4474619E-02
   2.990000      8.4257862E-03
   3.000000      4.2137541E-03
   3.010000      2.5293641E-03
   3.020000      3.3271362E-03
   3.030000      5.9395591E-03
   3.040000      9.3285069E-03
   3.050000      1.2392238E-02
   3.060000      1.4271783E-02
   3.070000      1.4543490E-02
   3.080000      1.3249573E-02
   3.090000      1.0817756E-02
   3.100000      7.9038404E-03
   3.110000      5.1887087E-03
   3.120000      3.1952935E-03
   3.130000      2.1801365E-03
   3.140000      2.1156238E-03
   3.150000      2.7385335E-03
   3.160000      3.6607217E-03
   3.170000      4.4940109E-03
   3.180000      4.9677738E-03
   3.190000      4.9941940E-03
   3.200000      4.6755648E-03
   3.210000      4.2623351E-03
   3.220000      4.0717917E-03
   3.230000      4.3856045E-03
   3.240000      5.3615090E-03
   3.250000      6.9838045E-03
   3.260000      9.0535106E-03
   3.270000      1.1229664E-02
   3.280000      1.3099806E-02
   3.290000      1.4277181E-02
   3.300000      1.4500643E-02
   3.310000      1.3691394E-02
   3.320000      1.1968320E-02
   3.330000      9.6192909E-03
   3.340000      7.0421007E-03
   3.350000      4.6428191E-03
   3.360000      2.7428211E-03
   3.370000      1.5192833E-03
   3.380000      9.7958127E-04
   3.390000      9.7666634E-04
   3.400000      1.2642045E-03
   3.410000      1.5752093E-03
   3.420000      1.7024499E-03
   3.430000      1.5522912E-03
   3.440000      1.1610019E-03
   3.450000      6.7343633E-04
   3.460000      2.8970910E-04
   3.470000      1.9085030E-04
   3.480000      4.7630884E-04
   3.490000      1.1288362E-03
   3.500000      2.0151658E-03
   3.510000      2.9209035E-03
   3.520000      3.6131344E-03
   3.530000      3.9125602E-03
   3.540000      3.7448446E-03
   3.550000      3.1630637E-03
   3.560000      2.3325316E-03
   3.570000      1.4857367E-03
   3.580000      8.5532101E-04
   3.590000      6.0538616E-04
   3.600000      7.9174066E-04
   3.610000      1.3512331E-03
   3.620000      2.1235428E-03
   3.630000      2.8979611E-03
   3.640000      3.4753573E-03
   3.650000      3.7231832E-03
   3.660000      3.6022726E-03
   3.670000      3.1703452E-03
   3.680000      2.5519608E-03
   3.690000      1.9006140E-03
   3.700000      1.3512823E-03
   3.710000      9.8575826E-04
   3.720000      8.2064001E-04
   3.730000      8.1614556E-04
   3.740000      9.0022670E-04
   3.750000      9.9930225E-04
   3.760000      1.0636538E-03
   3.770000      1.0791752E-03
   3.780000      1.0629768E-03
   3.790000      1.0467903E-03
   3.800000      1.0568261E-03
   3.810000      1.0982524E-03
   3.820000      1.1515110E-03
   3.830000      1.1811643E-03
   3.840000      1.1548440E-03
   3.850000      1.0613868E-03
   3.860000      9.2302758E-04
   3.870000      7.9370366E-04
   3.880000      7.4184412E-04
   3.890000      8.2518207E-04
   3.900000      1.0657195E-03
   3.910000      1.4333980E-03
   3.920000      1.8480256E-03
   3.930000      2.1992889E-03
   3.940000      2.3826268E-03
   3.950000      2.3331244E-03
   3.960000      2.0507127E-03
   3.970000      1.6060158E-03
   3.980000      1.1233330E-03
   3.990000      7.4322283E-04
   4.000000      5.7465833E-04
   4.010000      6.5978570E-04
   4.020000      9.5846457E-04
   4.030000      1.3584960E-03
   4.040000      1.7111279E-03
   4.050000      1.8827734E-03
   4.060000      1.8037295E-03
   4.070000      1.4944702E-03
   4.080000      1.0629499E-03
   4.090000      6.6980731E-04
   4.100000      4.7343739E-04
   4.110000      5.6932343E-04
   4.120000      9.4949489E-04
   4.130000      1.4986871E-03
   4.140000      2.0282557E-03
   4.150000      2.3431208E-03
   4.160000      2.3240263E-03
   4.170000      1.9954459E-03
   4.180000      1.5521421E-03
   4.190000      1.3336985E-03
   4.200000      1.7477126E-03
   4.210000      3.1572105E-03
   4.220000      5.7544480E-03
   4.230000      9.4796345E-03
   4.240000      1.3989680E-02
   4.250000      1.8708803E-02
   4.260000      2.2932569E-02
   4.270000      2.5976341E-02
   4.280000      2.7326277E-02
   4.290000      2.6767835E-02
   4.300000      2.4423372E-02
   4.310000      2.0718636E-02
   4.320000      1.6281841E-02
   4.330000      1.1806145E-02
   4.340000      7.8958403E-03
   4.350000      4.9257595E-03
   4.360000      3.0110360E-03
   4.370000      2.0291563E-03
   4.380000      1.7006306E-03
   4.390000      1.6946112E-03
   4.400000      1.7338288E-03
   4.410000      1.6642055E-03
   4.420000      1.4688704E-03
   4.430000      1.2335829E-03
   4.440000      1.0779368E-03
   4.450000      1.0863109E-03
   4.460000      1.2605055E-03
   4.470000      1.5172004E-03
   4.480000      1.7251847E-03
   4.490000      1.7693624E-03
   4.500000      1.6112509E-03
   4.510000      1.3242102E-03
   4.520000      1.0770891E-03
   4.530000      1.0719784E-03
   4.540000      1.4579844E-03
   4.550000      2.2518618E-03
   4.560000      3.2967038E-03
   4.570000      4.2854641E-03
   4.580000      4.8638936E-03
   4.590000      4.7657043E-03
   4.600000      3.9518937E-03
   4.610000      2.6871595E-03
   4.620000      1.5289959E-03
   4.630000      1.1991081E-03
   4.640000      2.3492549E-03
   4.650000      5.3093904E-03
   4.660000      9.8816529E-03
   4.670000      1.5265909E-02
   4.680000      2.0150993E-02
   4.690000      2.3054941E-02
   4.700000      2.2809561E-02
   4.710000      1.9041801E-02
   4.720000      1.2595342E-02
   4.730000      5.7191425E-03
   4.740000      1.9425354E-03
   4.750000      5.5167419E-03
   4.760000      2.0564459E-02
   4.770000      5.0177552E-02
   4.780000      9.5534943E-02
   4.790000      0.1552419    
   4.800000      0.2249810    
   4.810000      0.2980323    
   4.820000      0.3662752    
   4.830000      0.4212891    
   4.840000      0.4559153    
   4.850000      0.4653987    
   4.860000      0.4483516    
   4.870000      0.4070587    
   4.880000      0.3470006    
   4.890000      0.2757844    
   4.900000      0.2019130    
   4.910000      0.1335559    
   4.920000      7.7185214E-02
   4.930000      3.6483061E-02
   4.940000      1.2147892E-02
   4.950000      2.2601478E-03
   4.960000      3.0175860E-03
   4.970000      9.7342962E-03
   4.980000      1.7885480E-02
   4.990000      2.3990115E-02
   5.000000      2.6137451E-02
   5.010000      2.4029629E-02
   5.020000      1.8700536E-02
   5.030000      1.1971684E-02
   5.040000      5.8046244E-03
   5.050000      1.7042843E-03
   5.060000      3.7168831E-04
   5.070000      1.6412783E-03
   5.080000      4.6316208E-03
   5.090000      8.0801416E-03
   5.100000      1.0755873E-02
   5.110000      1.1820901E-02
   5.120000      1.1023302E-02
   5.130000      8.6973840E-03
   5.140000      5.6144400E-03
   5.150000      2.7230431E-03
   5.160000      8.5509731E-04
   5.170000      4.8090096E-04
   5.180000      1.6135077E-03
   5.190000      3.8395156E-03
   5.200000      6.4601908E-03
   5.210000      8.7076882E-03
   5.220000      9.9718478E-03
   5.230000      9.9569429E-03
   5.240000      8.7338602E-03
   5.250000      6.6892095E-03
   5.260000      4.3976423E-03
   5.270000      2.4522662E-03
   5.280000      1.2912831E-03
   5.290000      1.0929878E-03
   5.300000      1.7560537E-03
   5.310000      2.9575545E-03
   5.320000      4.2602145E-03
   5.330000      5.2440460E-03
   5.340000      5.6269118E-03
   5.350000      5.3259586E-03
   5.360000      4.4597839E-03
   5.370000      3.2901657E-03
   5.380000      2.1357359E-03
   5.390000      1.2753513E-03
   5.400000      8.6967263E-04
   5.410000      9.3088654E-04
   5.420000      1.3398256E-03
   5.430000      1.8960023E-03
   5.440000      2.3841579E-03
   5.450000      2.6415423E-03
   5.460000      2.6008626E-03
   5.470000      2.2960100E-03
   5.480000      1.8377440E-03
   5.490000      1.3699289E-03
   5.500000      1.0207950E-03
   5.510000      8.6352759E-04
   5.520000      8.9882262E-04
   5.530000      1.0648402E-03
   5.540000      1.2653343E-03
   5.550000      1.4063298E-03
   5.560000      1.4276070E-03
   5.570000      1.3215063E-03
   5.580000      1.1292731E-03
   5.590000      9.2195667E-04
   5.600000      7.7252684E-04
   5.610000      7.2926510E-04
   5.620000      7.9877663E-04
   5.630000      9.4536354E-04
   5.640000      1.1066834E-03
   5.650000      1.2177783E-03
   5.660000      1.2359691E-03
   5.670000      1.1565648E-03
   5.680000      1.0150361E-03
   5.690000      8.7407586E-04
   5.700000      7.9838006E-04
   5.710000      8.2953577E-04
   5.720000      9.6725364E-04
   5.730000      1.1648864E-03
   5.740000      1.3417844E-03
   5.750000      1.4117104E-03
   5.760000      1.3145463E-03
   5.770000      1.0451808E-03
   5.780000      6.6777697E-04
   5.790000      3.1174123E-04
   5.800000      1.4545792E-04
   5.810000      3.3425732E-04
   5.820000      9.9760678E-04
   5.830000      2.1744547E-03
   5.840000      3.8035493E-03
   5.850000      5.7212389E-03
   5.860000      7.6932628E-03
   5.870000      9.4618080E-03
   5.880000      1.0793032E-02
   5.890000      1.1518012E-02
   5.900000      1.1566933E-02
   5.910000      1.0971335E-02
   5.920000      9.8513309E-03
   5.930000      8.3874799E-03
   5.940000      6.7768903E-03
   5.950000      5.2010422E-03
   5.960000      3.8001044E-03
   5.970000      2.6588074E-03
   5.980000      1.8008038E-03
   5.990000      1.2035189E-03
   6.000000      8.1788184E-04
   6.010000      5.8679824E-04
   6.020000      4.5859130E-04
   6.030000      3.9473135E-04
   6.040000      3.7018539E-04
   6.050000      3.6987156E-04
   6.060000      3.8395653E-04
   6.070000      4.0344259E-04
   6.080000      4.1887534E-04
   6.090000      4.2158549E-04
   6.100000      4.0621162E-04
   6.110000      3.7302001E-04
   6.120000      3.2814688E-04
   6.130000      2.8156862E-04
   6.140000      2.4349158E-04
   6.150000      2.2020924E-04
   6.160000      2.1141765E-04
   6.170000      2.1049826E-04
   6.180000      2.0749852E-04
   6.190000      1.9389125E-04
   6.200000      1.6731379E-04
   6.210000      1.3433477E-04
   6.220000      1.0937535E-04
   6.230000      1.1013979E-04
   6.240000      1.5067775E-04
   6.250000      2.3453656E-04
   6.260000      3.4985863E-04
   6.270000      4.7034971E-04
   6.280000      5.6172966E-04
   6.290000      5.9168553E-04
   6.300000      5.4176559E-04
   6.310000      4.1714284E-04
   6.320000      2.5097237E-04
   6.330000      9.9886194E-05
   6.340000      3.2023396E-05
   6.350000      1.1058932E-04
   6.360000      3.7677248E-04
   6.370000      8.3565881E-04
   6.380000      1.4486872E-03
   6.390000      2.1397977E-03
   6.400000      2.8107343E-03
   6.410000      3.3597951E-03
   6.420000      3.7044846E-03
   6.430000      3.7968117E-03
   6.440000      3.6337581E-03
   6.450000      3.2562672E-03
   6.460000      2.7353342E-03
   6.470000      2.1567177E-03
   6.480000      1.6006608E-03
   6.490000      1.1280258E-03
   6.500000      7.7015162E-04
   6.510000      5.2759156E-04
   6.520000      3.7890516E-04
   6.530000      2.9252024E-04
   6.540000      2.3837206E-04
   6.550000      1.9681825E-04
   6.560000      1.6137917E-04
   6.570000      1.3611805E-04
   6.580000      1.2933939E-04
   6.590000      1.4617790E-04
   6.600000      1.8361022E-04
   6.610000      2.2933236E-04
   6.620000      2.6555223E-04
   6.630000      2.7573999E-04
   6.640000      2.5158905E-04
   6.650000      1.9734645E-04
   6.660000      1.3007304E-04
   6.670000      7.4639094E-05
   6.680000      5.4868717E-05
   6.690000      8.4592553E-05
   6.700000      1.6188719E-04
   6.710000      2.6826255E-04
   6.720000      3.7402153E-04
   6.730000      4.4842670E-04
   6.740000      4.7214029E-04
   6.750000      4.4637968E-04
   6.760000      3.9548340E-04
   6.770000      3.6172671E-04
   6.780000      3.9306187E-04
   6.790000      5.2657403E-04
   6.800000      7.7302125E-04
   6.810000      1.1089415E-03
   6.820000      1.4779303E-03
   6.830000      1.8032362E-03
   6.840000      2.0077638E-03
   6.850000      2.0391410E-03
   6.860000      1.8895521E-03
   6.870000      1.6032900E-03
   6.880000      1.2706264E-03
   6.890000      1.0085946E-03
   6.900000      9.3168381E-04
   6.910000      1.1184321E-03
   6.920000      1.5860373E-03
   6.930000      2.2811915E-03
   6.940000      3.0877681E-03
   6.950000      3.8509055E-03
   6.960000      4.4126566E-03
   6.970000      4.6529025E-03
   6.980000      4.5198360E-03
   6.990000      4.0471614E-03
   7.000000      3.3428296E-03
   7.010000      2.5680296E-03
   7.020000      1.8984902E-03
   7.030000      1.4786348E-03
   7.040000      1.3874959E-03
   7.050000      1.6223099E-03
   7.060000      2.1021832E-03
   7.070000      2.6880293E-03
   7.080000      3.2184788E-03
   7.090000      3.5540368E-03
   7.100000      3.6089539E-03
   7.110000      3.3703183E-03
   7.120000      2.8958605E-03
   7.130000      2.2982019E-03
   7.140000      1.7124432E-03
   7.150000      1.2608059E-03
   7.160000      1.0225554E-03
   7.170000      1.0186704E-03
   7.180000      1.2094608E-03
   7.190000      1.5103599E-03
   7.200000      1.8145099E-03
   7.210000      2.0241786E-03
   7.220000      2.0726828E-03
   7.230000      1.9392261E-03
   7.240000      1.6486035E-03
   7.250000      1.2626457E-03
   7.260000      8.6230872E-04
   7.270000      5.2500347E-04
   7.280000      3.0691837E-04
   7.290000      2.3306170E-04
   7.300000      2.9540705E-04
   7.310000      4.5871522E-04
   7.320000      6.7139702E-04
   7.330000      8.8039861E-04
   7.340000      1.0419138E-03
   7.350000      1.1293967E-03
   7.360000      1.1352932E-03
   7.370000      1.0695398E-03
   7.380000      9.5397484E-04
   7.390000      8.1540330E-04
   7.400000      6.7937007E-04
   7.410000      5.6613149E-04
   7.420000      4.8809193E-04
   7.430000      4.4947746E-04
   7.440000      4.4713242E-04
   7.450000      4.7281466E-04
   7.460000      5.1619747E-04
   7.470000      5.6764798E-04
   7.480000      6.2111474E-04
   7.490000      6.7576807E-04
   7.500000      7.3715410E-04
   7.510000      8.1610261E-04
   7.520000      9.2545676E-04
   7.530000      1.0760488E-03
   7.540000      1.2711557E-03
   7.550000      1.5022958E-03
   7.560000      1.7486144E-03
   7.570000      1.9786323E-03
   7.580000      2.1552327E-03
   7.590000      2.2448990E-03
   7.600000      2.2254756E-03
   7.610000      2.0950786E-03
   7.620000      1.8743197E-03
   7.630000      1.6022895E-03
   7.640000      1.3285175E-03
   7.650000      1.1002336E-03
   7.660000      9.5047586E-04
   7.670000      8.8829285E-04
   7.680000      8.9556683E-04
   7.690000      9.3358493E-04
   7.700000      9.5445541E-04
   7.710000      9.1642427E-04
   7.720000      7.9865381E-04
   7.730000      6.0998014E-04
   7.740000      3.8774777E-04
   7.750000      1.8847486E-04
   7.760000      7.1316368E-05
   7.770000      7.9649930E-05
   7.780000      2.2521296E-04
   7.790000      4.8122200E-04
   7.800000      7.8731542E-04
   7.810000      1.0652405E-03
   7.820000      1.2401369E-03
   7.830000      1.2627280E-03
   7.840000      1.1252615E-03
   7.850000      8.6601079E-04
   7.860000      5.5910065E-04
   7.870000      2.9447748E-04
   7.880000      1.5193837E-04
   7.890000      1.7697089E-04
   7.900000      3.6562679E-04
   7.910000      6.6463178E-04
   7.920000      9.8606572E-04
   7.930000      1.2335798E-03
   7.940000      1.3307455E-03
   7.950000      1.2461849E-03
   7.960000      1.0065302E-03
   7.970000      6.9186056E-04
   7.980000      4.1452679E-04
   7.990000      2.8920342E-04
   8.000000      3.9992493E-04
   8.010000      7.7483122E-04
   8.020000      1.3741401E-03
   8.030000      2.0990672E-03
   8.040000      2.8145730E-03
   8.050000      3.3813200E-03
   8.060000      3.6888588E-03
   8.070000      3.6816080E-03
   8.080000      3.3714303E-03
   8.090000      2.8289359E-03
   8.100000      2.1619760E-03
   8.110000      1.4878255E-03
   8.120000      9.0589520E-04
   8.130000      4.7860350E-04
   8.140000      2.2170735E-04
   8.150000      1.0996958E-04
   8.160000      9.3149654E-05
   8.170000      1.1652451E-04
   8.180000      1.3748952E-04
   8.190000      1.3569476E-04
   8.200000      1.1351656E-04
   8.210000      8.8349479E-05
   8.220000      8.0540653E-05
   8.230000      1.0237139E-04
   8.240000      1.5166907E-04
   8.250000      2.1230053E-04
   8.260000      2.6159940E-04
   8.270000      2.8028106E-04
   8.280000      2.6112798E-04
   8.290000      2.1285340E-04
   8.300000      1.5749891E-04
   8.310000      1.2200408E-04
   8.320000      1.2686838E-04
   8.330000      1.7705206E-04
   8.340000      2.5881428E-04
   8.350000      3.4375690E-04
   8.360000      3.9889597E-04
   8.370000      4.0041338E-04
   8.380000      3.4454314E-04
   8.390000      2.5119371E-04
   8.400000      1.5893843E-04
   8.410000      1.1178202E-04
   8.420000      1.4185839E-04
   8.430000      2.5439265E-04
   8.440000      4.2196625E-04
   8.450000      5.9135683E-04
   8.460000      7.0159475E-04
   8.470000      7.0952374E-04
   8.480000      6.1401707E-04
   8.490000      4.7271108E-04
   8.500000      3.9715265E-04
   8.510000      5.3198298E-04
   8.520000      1.0183525E-03
   8.530000      1.9498153E-03
   8.540000      3.3316708E-03
   8.550000      5.0631138E-03
   8.560000      6.9460319E-03
   8.570000      8.7135816E-03
   8.580000      1.0085709E-02
   8.590000      1.0828107E-02
   8.600000      1.0806813E-02
   8.610000      1.0026713E-02
   8.620000      8.6234901E-03
   8.630000      6.8327691E-03
   8.640000      4.9372544E-03
   8.650000      3.2097169E-03
   8.660000      1.8540431E-03
   8.670000      9.6448720E-04
   8.680000      5.2227563E-04
   8.690000      4.2096965E-04
   8.700000      5.0723535E-04
   8.710000      6.2967750E-04
   8.720000      6.7975122E-04
   8.730000      6.1547640E-04
   8.740000      4.5865311E-04
   8.750000      2.7335531E-04
   8.760000      1.3360806E-04
   8.770000      9.1977847E-05
   8.780000      1.5904229E-04
   8.790000      3.0214377E-04
   8.800000      4.6147525E-04
   8.810000      5.7544681E-04
   8.820000      6.0619361E-04
   8.830000      5.5455382E-04
   8.840000      4.5939162E-04
   8.850000      3.7985659E-04
   8.860000      3.6863983E-04
   8.870000      4.4741243E-04
   8.880000      5.9432921E-04
   8.890000      7.4991409E-04
   8.900000      8.4325555E-04
   8.910000      8.2721154E-04
   8.920000      7.0975267E-04
   8.930000      5.6853023E-04
   8.940000      5.3724617E-04
   8.950000      7.6347595E-04
   8.960000      1.3485738E-03
   8.970000      2.2909564E-03
   8.980000      3.4519499E-03
   8.990000      4.5679435E-03
   9.000000      5.3080381E-03
   9.010000      5.3855092E-03
   9.020000      4.6858848E-03
   9.030000      3.3770821E-03
   9.040000      1.9655246E-03
   9.050000      1.2694647E-03
   9.060000      2.3027959E-03
   9.070000      6.0608699E-03
   9.080000      1.3283659E-02
   9.090000      2.4217658E-02
   9.100000      3.8461100E-02
   9.110000      5.4923348E-02
   9.120000      7.1876928E-02
   9.130000      8.7258875E-02
   9.140000      9.9038512E-02
   9.150000      0.1055484    
   9.160000      0.1057913    
   9.170000      9.9628106E-02
   9.180000      8.7880261E-02
   9.190000      7.2176360E-02
   9.200000      5.4616719E-02
   9.210000      3.7410971E-02
   9.220000      2.2488810E-02
   9.230000      1.1193053E-02
   9.240000      4.1171568E-03
   9.250000      1.0329724E-03
   9.260000      1.0707644E-03
   9.270000      2.9912461E-03
   9.280000      5.4929848E-03
   9.290000      7.4849213E-03
   9.300000      8.2926787E-03
   9.310000      7.7458485E-03
   9.320000      6.1162743E-03
   9.330000      3.9652875E-03
   9.340000      1.9448545E-03
   9.350000      6.0025259E-04
   9.360000      2.2679087E-04
   9.370000      8.0487423E-04
   9.380000      2.0419739E-03
   9.390000      3.4818272E-03
   9.400000      4.6501439E-03
   9.410000      5.1883482E-03
   9.420000      4.9537914E-03
   9.430000      4.0461435E-03
   9.440000      2.7594755E-03
   9.450000      1.4878747E-03
   9.460000      6.0756016E-04
   9.470000      3.6877632E-04
   9.480000      8.2623167E-04
   9.490000      1.8303773E-03
   9.500000      3.0784868E-03
   9.510000      4.2043035E-03
   9.520000      4.8807831E-03
   9.530000      4.9095270E-03
   9.540000      4.2800368E-03
   9.550000      3.1731722E-03
   9.560000      1.9095162E-03
   9.570000      8.7047921E-04
   9.580000      4.0426818E-04
   9.590000      7.4121181E-04
   9.600000      1.9365815E-03
   9.610000      3.8622366E-03
   9.620000      6.2398934E-03
   9.630000      8.7021077E-03
   9.640000      1.0869330E-02
   9.650000      1.2421757E-02
   9.660000      1.3168453E-02
   9.670000      1.3066877E-02
   9.680000      1.2208592E-02
   9.690000      1.0785090E-02
   9.700000      9.0467138E-03
   9.710000      7.2458661E-03
   9.720000      5.5883010E-03
   9.730000      4.2066048E-03
   9.740000      3.1528149E-03
   9.750000      2.4092437E-03
   9.760000      1.9113696E-03
   9.770000      1.5738673E-03
   9.780000      1.3151062E-03
   9.790000      1.0769453E-03
   9.800000      8.3214144E-04
   9.810000      5.8241031E-04
   9.820000      3.5022656E-04
   9.830000      1.6530060E-04
   9.840000      5.1921001E-05
   9.850000      2.0739444E-05
   9.860000      6.5239641E-05
   9.870000      1.6311533E-04
   9.880000      2.8155459E-04
   9.890000      3.8575879E-04
   9.900000      4.4742742E-04
   9.910000      4.5126094E-04
   9.920000      3.9784360E-04
   9.930000      3.0323587E-04
   9.940000      1.9533430E-04
   9.950000      1.0635544E-04
   9.960000      6.5032917E-05
   9.970000      8.9569854E-05
   9.980000      1.8276693E-04
   9.990000      3.3017885E-04
   10.00000      5.0228700E-04
   10.01000      6.6062046E-04
   10.02000      7.6839526E-04
   10.03000      7.9657958E-04
   10.04000      7.3360937E-04
   10.05000      5.8982393E-04
   10.06000      3.9802771E-04
   10.07000      2.0824448E-04
   10.08000      7.9190097E-05
   10.09000      6.9677131E-05
   10.10000      2.2534715E-04
   10.11000      5.7049125E-04
   10.12000      1.0997340E-03
   10.13000      1.7849824E-03
   10.14000      2.5727889E-03
   10.15000      3.3943600E-03
   10.16000      4.1745263E-03
   10.17000      4.8439647E-03
   10.18000      5.3476198E-03
   10.19000      5.6547360E-03
   10.20000      5.7540671E-03
   10.21000      5.6545981E-03
   10.22000      5.3835856E-03
   10.23000      4.9786759E-03
   10.24000      4.4834982E-03
   10.25000      3.9367904E-03
   10.26000      3.3762159E-03
   10.27000      2.8297319E-03
   10.28000      2.3178856E-03
   10.29000      1.8506151E-03
   10.30000      1.4377555E-03
   10.31000      1.0787073E-03
   10.32000      7.7507593E-04
   10.33000      5.2699662E-04
   10.34000      3.3490564E-04
   10.35000      1.9909884E-04
   10.36000      1.1751849E-04
   10.37000      8.5534790E-05
   10.38000      9.5436131E-05
   10.39000      1.3547376E-04
   10.40000      1.9096510E-04
   10.41000      2.4557087E-04
   10.42000      2.8503255E-04
   10.43000      2.9851103E-04
   10.44000      2.8140412E-04
   10.45000      2.3636177E-04
   10.46000      1.7237809E-04
   10.47000      1.0390048E-04
   10.48000      4.6350015E-05
   10.49000      1.3120921E-05
   10.50000      1.1942854E-05
   10.51000      4.3029042E-05
   10.52000      9.8636810E-05
   10.53000      1.6469928E-04
   10.54000      2.2481046E-04
   10.55000      2.6358530E-04
   10.56000      2.7109354E-04
   10.57000      2.4506712E-04
   10.58000      1.9235602E-04
   10.59000      1.2658906E-04
   10.60000      6.5974105E-05
   10.61000      2.9011253E-05
   10.62000      3.0729298E-05
   10.63000      8.0190868E-05
   10.64000      1.7871289E-04
   10.65000      3.2088737E-04
   10.66000      4.9656915E-04
   10.67000      6.9360773E-04
   10.68000      8.9934492E-04
   10.69000      1.1047035E-03
   10.70000      1.3010030E-03
   10.71000      1.4829594E-03
   10.72000      1.6457937E-03
   10.73000      1.7848749E-03
   10.74000      1.8945652E-03
   10.75000      1.9688627E-03
   10.76000      2.0015030E-03
   10.77000      1.9887502E-03
   10.78000      1.9297148E-03
   10.79000      1.8276536E-03
   10.80000      1.6887885E-03
   10.81000      1.5218055E-03
   10.82000      1.3365583E-03
   10.83000      1.1427720E-03
   10.84000      9.4821572E-04
   10.85000      7.5936265E-04
   10.86000      5.8072258E-04
   10.87000      4.1767009E-04
   10.88000      2.7613691E-04
   10.89000      1.6278905E-04
   10.90000      8.3329265E-05
   10.91000      4.1937903E-05
   10.92000      3.8471753E-05
   10.93000      6.7866335E-05
   10.94000      1.1933588E-04
   10.95000      1.7785147E-04
   10.96000      2.2727846E-04
   10.97000      2.5399783E-04
   10.98000      2.5045735E-04
   10.99000      2.1702560E-04
   11.00000      1.6243981E-04
   11.01000      1.0165091E-04
   11.02000      5.1242689E-05
   11.03000      2.5179390E-05
   11.04000      3.0777894E-05
   11.05000      6.7070607E-05
   11.06000      1.2508545E-04
   11.07000      1.9154401E-04
   11.08000      2.5287166E-04
   11.09000      3.0033384E-04
   11.10000      3.3154205E-04
   11.11000      3.5078137E-04
   11.12000      3.6599263E-04
   11.13000      3.8465715E-04
   11.14000      4.0966473E-04
   11.15000      4.3852368E-04
   11.16000      4.6556251E-04
   11.17000      4.8986805E-04
   11.18000      5.2467838E-04
   11.19000      6.0642936E-04
   11.20000      8.0118002E-04
   11.21000      1.2001934E-03
   11.22000      1.9103193E-03
   11.23000      3.0263250E-03
   11.24000      4.6066758E-03
   11.25000      6.6445898E-03
   11.26000      9.0577658E-03
   11.27000      1.1679031E-02
   11.28000      1.4254294E-02
   11.29000      1.6480785E-02
   11.30000      1.8072726E-02
   11.31000      1.8788908E-02
   11.32000      1.8499423E-02
   11.33000      1.7203424E-02
   11.34000      1.5034815E-02
   11.35000      1.2263063E-02
   11.36000      9.2266882E-03
   11.37000      6.2929979E-03
   11.38000      3.7645686E-03
   11.39000      1.8756527E-03
   11.40000      7.1907364E-04
   11.41000      2.6245441E-04
   11.42000      3.4785052E-04
   11.43000      7.5483206E-04
   11.44000      1.2457049E-03
   11.45000      1.6205182E-03
   11.46000      1.7537486E-03
   11.47000      1.6137961E-03
   11.48000      1.2583716E-03
   11.49000      8.0096402E-04
   11.50000      3.7607856E-04
   11.51000      9.8684221E-05
   11.52000      3.2046257E-05
   11.53000      1.7300309E-04
   11.54000      4.5725674E-04
   11.55000      7.8590645E-04
   11.56000      1.0507281E-03
   11.57000      1.1700905E-03
   11.58000      1.1098431E-03
   11.59000      8.9327950E-04
   11.60000      5.9199467E-04
   11.61000      3.0030322E-04
   11.62000      1.1190695E-04
   11.63000      8.8544984E-05
   11.64000      2.4386350E-04
   11.65000      5.3705322E-04
   11.66000      8.8769000E-04
   11.67000      1.1985394E-03
   11.68000      1.3807669E-03
   11.69000      1.3825203E-03
   11.70000      1.2038137E-03
   11.71000      8.9907140E-04
   11.72000      5.6082598E-04
   11.73000      2.9929844E-04
   11.74000      2.1449215E-04
   11.75000      3.6863584E-04
   11.76000      7.7064498E-04
   11.77000      1.3722091E-03
   11.78000      2.0850666E-03
   11.79000      2.7925593E-03
   11.80000      3.3818060E-03
   11.81000      3.7626387E-03
   11.82000      3.8903316E-03
   11.83000      3.7677248E-03
   11.84000      3.4398746E-03
   11.85000      2.9798062E-03
   11.86000      2.4690188E-03
   11.87000      1.9827776E-03
   11.88000      1.5694600E-03
   11.89000      1.2501604E-03
   11.90000      1.0180376E-03
   11.91000      8.5061160E-04
   11.92000      7.1827677E-04
   11.93000      5.9569802E-04
   11.94000      4.6934298E-04
   11.95000      3.3894792E-04
   11.96000      2.1604731E-04
   11.97000      1.1739338E-04
   11.98000      5.8163248E-05
   11.99000      4.5069704E-05
   12.00000      7.4478165E-05
   12.01000      1.3324506E-04
   12.02000      2.0218134E-04
   12.03000      2.6169608E-04
   12.04000      2.9640974E-04
   12.05000      2.9953278E-04
   12.06000      2.7321992E-04
   12.07000      2.2648380E-04
   12.08000      1.7229863E-04
   12.09000      1.2349356E-04
   12.10000      8.9741457E-05
   12.11000      7.5260970E-05
   12.12000      7.9423677E-05
   12.13000      9.8108088E-05
   12.14000      1.2567925E-04
   12.15000      1.5662759E-04
   12.16000      1.8669595E-04
   12.17000      2.1258713E-04
   12.18000      2.3159888E-04
   12.19000      2.4044067E-04
   12.20000      2.3539965E-04
   12.21000      2.1339585E-04
   12.22000      1.7407352E-04
   12.23000      1.2231129E-04
   12.24000      6.9625959E-05
   12.25000      3.5539597E-05
   12.26000      4.5584628E-05
   12.27000      1.2723480E-04
   12.28000      3.0385601E-04
   12.29000      5.8925257E-04
   12.30000      9.8357874E-04
   12.31000      1.4682179E-03
   12.32000      2.0074598E-03
   12.33000      2.5514667E-03
   12.34000      3.0458642E-03
   12.35000      3.4386248E-03
   12.36000      3.6903655E-03
   12.37000      3.7749289E-03
   12.38000      3.6898064E-03
   12.39000      3.4509199E-03
   12.40000      3.0926911E-03
   12.41000      2.6552563E-03
   12.42000      2.1841312E-03
   12.43000      1.7190285E-03
   12.44000      1.2939456E-03
   12.45000      9.2981569E-04
   12.46000      6.3683279E-04
   12.47000      4.1348202E-04
   12.48000      2.5393450E-04
   12.49000      1.4761642E-04
   12.50000      8.3347004E-05
   12.51000      5.0141400E-05
   12.52000      3.8601844E-05
   12.53000      4.0658229E-05
   12.54000      4.9837417E-05
   12.55000      6.0784881E-05
   12.56000      6.9286041E-05
   12.57000      7.2487477E-05
   12.58000      6.9108508E-05
   12.59000      5.9594087E-05
   12.60000      4.5829667E-05
   12.61000      3.0707379E-05
   12.62000      1.7392427E-05
   12.63000      8.4620124E-06
   12.64000      5.2794539E-06
   12.65000      7.8251178E-06
   12.66000      1.4882425E-05
   12.67000      2.4467747E-05
   12.68000      3.4506138E-05
   12.69000      4.3337426E-05
   12.70000      5.0133585E-05
   12.71000      5.4630091E-05
   12.72000      5.6937519E-05
   12.73000      5.7089172E-05
   12.74000      5.4878557E-05
   12.75000      4.9935901E-05
   12.76000      4.2238185E-05
   12.77000      3.2917600E-05
   12.78000      2.4979459E-05
   12.79000      2.3845503E-05
   12.80000      3.6940710E-05
   12.81000      7.3036848E-05
   12.82000      1.4031184E-04
   12.83000      2.4448341E-04
   12.84000      3.8687605E-04
   12.85000      5.6297798E-04
   12.86000      7.6086796E-04
   12.87000      9.6549798E-04
   12.88000      1.1572292E-03
   12.89000      1.3163952E-03
   12.90000      1.4258703E-03
   12.91000      1.4746801E-03
   12.92000      1.4584110E-03
   12.93000      1.3804453E-03
   12.94000      1.2510930E-03
   12.95000      1.0850992E-03
   12.96000      9.0001361E-04
   12.97000      7.1187975E-04
   12.98000      5.3614279E-04
   12.99000      3.8238606E-04
   13.00000      2.5699552E-04
