  -16.00000      1.3743066E-05
  -15.99000      1.4334311E-05
  -15.98000      1.8710391E-05
  -15.97000      2.5548572E-05
  -15.96000      3.3341825E-05
  -15.95000      4.0651299E-05
  -15.94000      4.6085286E-05
  -15.93000      4.8513310E-05
  -15.92000      4.7334182E-05
  -15.91000      4.2545027E-05
  -15.90000      3.4823872E-05
  -15.89000      2.5485831E-05
  -15.88000      1.6354323E-05
  -15.87000      9.5195364E-06
  -15.86000      6.7564806E-06
  -15.85000      9.1897291E-06
  -15.84000      1.6943077E-05
  -15.83000      2.8868904E-05
  -15.82000      4.2796790E-05
  -15.81000      5.5918019E-05
  -15.80000      6.5271081E-05
  -15.79000      6.8518486E-05
  -15.78000      6.4513151E-05
  -15.77000      5.3753141E-05
  -15.76000      3.8454491E-05
  -15.75000      2.2207261E-05
  -15.74000      9.6257763E-06
  -15.73000      5.7413986E-06
  -15.72000      1.5256974E-05
  -15.71000      4.2092292E-05
  -15.70000      8.8902860E-05
  -15.69000      1.5725961E-04
  -15.68000      2.4726090E-04
  -15.67000      3.5662201E-04
  -15.66000      4.8125902E-04
  -15.65000      6.1645720E-04
  -15.64000      7.5468334E-04
  -15.63000      8.8561565E-04
  -15.62000      9.9890656E-04
  -15.61000      1.0842626E-03
  -15.60000      1.1323737E-03
  -15.59000      1.1365341E-03
  -15.58000      1.0941098E-03
  -15.57000      1.0078178E-03
  -15.56000      8.8528509E-04
  -15.55000      7.3755655E-04
  -15.54000      5.7876296E-04
  -15.53000      4.2455195E-04
  -15.52000      2.8758039E-04
  -15.51000      1.7675273E-04
  -15.50000      9.6953649E-05
  -15.49000      4.8040365E-05
  -15.48000      2.6161231E-05
  -15.47000      2.4107268E-05
  -15.46000      3.4227443E-05
  -15.45000      4.9400405E-05
  -15.44000      6.4242035E-05
  -15.43000      7.5406882E-05
  -15.42000      8.1421480E-05
  -15.41000      8.2348030E-05
  -15.40000      7.8830162E-05
  -15.39000      7.1781324E-05
  -15.38000      6.2041647E-05
  -15.37000      5.0528408E-05
  -15.36000      3.8442224E-05
  -15.35000      2.7382790E-05
  -15.34000      1.9405439E-05
  -15.33000      1.6622915E-05
  -15.32000      2.0583582E-05
  -15.31000      3.1623818E-05
  -15.30000      4.8590478E-05
  -15.29000      6.8512170E-05
  -15.28000      8.7493827E-05
  -15.27000      1.0133551E-04
  -15.26000      1.0667782E-04
  -15.25000      1.0207694E-04
  -15.24000      8.7811859E-05
  -15.23000      6.6572255E-05
  -15.22000      4.2739364E-05
  -15.21000      2.1535468E-05
  -15.20000      9.5394789E-06
  -15.19000      1.4124133E-05
  -15.18000      4.5103934E-05
  -15.17000      1.1385114E-04
  -15.16000      2.3546211E-04
  -15.15000      4.2784298E-04
  -15.14000      7.0921553E-04
  -15.13000      1.0908635E-03
  -15.12000      1.5762150E-03
  -15.11000      2.1570581E-03
  -15.10000      2.8027496E-03
  -15.09000      3.4635577E-03
  -15.08000      4.0745959E-03
  -15.07000      4.5647845E-03
  -15.06000      4.8651258E-03
  -15.05000      4.9248254E-03
  -15.04000      4.7182683E-03
  -15.03000      4.2581307E-03
  -15.02000      3.5944537E-03
  -15.01000      2.8028658E-03
  -15.00000      1.9807306E-03
  -14.99000      1.2313002E-03
  -14.98000      6.3594099E-04
  -14.97000      2.4213448E-04
  -14.96000      6.1167237E-05
  -14.95000      6.6360895E-05
  -14.94000      1.9939184E-04
  -14.93000      3.8479909E-04
  -14.92000      5.5094459E-04
  -14.91000      6.4471312E-04
  -14.90000      6.3976011E-04
  -14.89000      5.4342474E-04
  -14.88000      3.8860284E-04
  -14.87000      2.2283146E-04
  -14.86000      9.4119285E-05
  -14.85000      3.6084981E-05
  -14.84000      5.9952254E-05
  -14.83000      1.5181948E-04
  -14.82000      2.7781187E-04
  -14.81000      3.9598331E-04
  -14.80000      4.6789311E-04
  -14.79000      4.7085359E-04
  -14.78000      4.0508568E-04
  -14.77000      2.9283683E-04
  -14.76000      1.7139199E-04
  -14.75000      8.1133468E-05
  -14.74000      5.4079050E-05
  -14.73000      1.0239108E-04
  -14.72000      2.1373770E-04
  -14.71000      3.5576837E-04
  -14.70000      4.8353072E-04
  -14.69000      5.5360381E-04
  -14.68000      5.3973513E-04
  -14.67000      4.4178101E-04
  -14.66000      2.8908622E-04
  -14.65000      1.3644953E-04
  -14.64000      5.3165724E-05
  -14.63000      1.0570422E-04
  -14.62000      3.3986784E-04
  -14.61000      7.6991413E-04
  -14.60000      1.3699232E-03
  -14.59000      2.0744405E-03
  -14.58000      2.7946429E-03
  -14.57000      3.4362648E-03
  -14.56000      3.9067734E-03
  -14.55000      4.1419244E-03
  -14.54000      4.1172840E-03
  -14.53000      3.8452833E-03
  -14.52000      3.3737808E-03
  -14.51000      2.7731759E-03
  -14.50000      2.1243009E-03
  -14.49000      1.5055180E-03
  -14.48000      9.7346341E-04
  -14.47000      5.6038547E-04
  -14.46000      2.7705272E-04
  -14.45000      1.1123047E-04
  -14.44000      3.5553992E-05
  -14.43000      1.8157993E-05
  -14.42000      2.9112165E-05
  -14.41000      4.5817233E-05
  -14.40000      5.5127035E-05
  -14.39000      5.3064192E-05
  -14.38000      4.2293763E-05
  -14.37000      2.8518396E-05
  -14.36000      1.7698070E-05
  -14.35000      1.3639504E-05
  -14.34000      1.7069056E-05
  -14.33000      2.6143842E-05
  -14.32000      3.7434347E-05
  -14.31000      4.7249883E-05
  -14.30000      5.2709242E-05
  -14.29000      5.2533585E-05
  -14.28000      4.7073030E-05
  -14.27000      3.7878814E-05
  -14.26000      2.7324882E-05
  -14.25000      1.7840361E-05
  -14.24000      1.1341281E-05
  -14.23000      9.0421991E-06
  -14.22000      1.1240083E-05
  -14.21000      1.7344528E-05
  -14.20000      2.5978381E-05
  -14.19000      3.5170837E-05
  -14.18000      4.2774544E-05
  -14.17000      4.6855861E-05
  -14.16000      4.6105102E-05
  -14.15000      4.0317092E-05
  -14.14000      3.0600666E-05
  -14.13000      1.9334640E-05
  -14.12000      9.8608798E-06
  -14.11000      5.7730117E-06
  -14.10000      1.0284881E-05
  -14.09000      2.5234385E-05
  -14.08000      5.0523326E-05
  -14.07000      8.4381820E-05
  -14.06000      1.2330015E-04
  -14.05000      1.6260844E-04
  -14.04000      1.9789023E-04
  -14.03000      2.2567363E-04
  -14.02000      2.4401545E-04
  -14.01000      2.5257588E-04
  -14.00000      2.5241065E-04
  -13.99000      2.4567981E-04
  -13.98000      2.3442977E-04
  -13.97000      2.2015913E-04
  -13.96000      2.0380024E-04
  -13.95000      1.8534673E-04
  -13.94000      1.6436944E-04
  -13.93000      1.4066191E-04
  -13.92000      1.1461029E-04
  -13.91000      8.7547596E-05
  -13.90000      6.1499639E-05
  -13.89000      3.8985509E-05
  -13.88000      2.2287488E-05
  -13.87000      1.2644907E-05
  -13.86000      1.0197607E-05
  -13.85000      1.3761109E-05
  -13.84000      2.1051572E-05
  -13.83000      2.9415532E-05
  -13.82000      3.6409234E-05
  -13.81000      4.0407711E-05
  -13.80000      4.0733619E-05
  -13.79000      3.7762398E-05
  -13.78000      3.2697870E-05
  -13.77000      2.6867749E-05
  -13.76000      2.1481001E-05
  -13.75000      1.7332850E-05
  -13.74000      1.4601856E-05
  -13.73000      1.3098621E-05
  -13.72000      1.2497600E-05
  -13.71000      1.2545938E-05
  -13.70000      1.3197679E-05
  -13.69000      1.4569680E-05
  -13.68000      1.6773054E-05
  -13.67000      1.9723913E-05
  -13.66000      2.2976585E-05
  -13.65000      2.5768011E-05
  -13.64000      2.7190872E-05
  -13.63000      2.6481493E-05
  -13.62000      2.3356537E-05
  -13.61000      1.8200399E-05
  -13.60000      1.2064485E-05
  -13.59000      6.5112463E-06
  -13.58000      3.3543474E-06
  -13.57000      4.3624486E-06
  -13.56000      1.1105930E-05
  -13.55000      2.4936360E-05
  -13.54000      4.7195641E-05
  -13.53000      7.9531863E-05
  -13.52000      1.2374492E-04
  -13.51000      1.8149782E-04
  -13.50000      2.5396011E-04
  -13.49000      3.4072247E-04
  -13.48000      4.3879033E-04
  -13.47000      5.4260425E-04
  -13.46000      6.4326351E-04
  -13.45000      7.2898180E-04
  -13.44000      7.8799069E-04
  -13.43000      8.1057817E-04
  -13.42000      7.9034042E-04
  -13.41000      7.2682730E-04
  -13.40000      6.2626996E-04
  -13.39000      5.0041126E-04
  -13.38000      3.6478887E-04
  -13.37000      2.3593762E-04
  -13.36000      1.2870536E-04
  -13.35000      5.3367086E-05
  -13.34000      1.3000787E-05
  -13.33000      4.3297005E-06
  -13.32000      1.9180980E-05
  -13.31000      4.6270867E-05
  -13.30000      7.4384945E-05
  -13.29000      9.4833362E-05
  -13.28000      1.0279175E-04
  -13.27000      9.7812583E-05
  -13.26000      8.2912506E-05
  -13.25000      6.3248313E-05
  -13.24000      4.4048535E-05
  -13.23000      2.9130877E-05
  -13.22000      2.0364323E-05
  -13.21000      1.7458855E-05
  -13.20000      1.8692283E-05
  -13.19000      2.1934946E-05
  -13.18000      2.5461401E-05
  -13.17000      2.8445316E-05
  -13.16000      3.0815165E-05
  -13.15000      3.2929423E-05
  -13.14000      3.5068424E-05
  -13.13000      3.6959056E-05
  -13.12000      3.7823822E-05
  -13.11000      3.6742338E-05
  -13.10000      3.3104065E-05
  -13.09000      2.7042923E-05
  -13.08000      1.9526062E-05
  -13.07000      1.2089117E-05
  -13.06000      6.4393189E-06
  -13.05000      4.1144067E-06
  -13.04000      6.7720275E-06
  -13.03000      1.7407701E-05
  -13.02000      4.1958599E-05
  -13.01000      9.1106631E-05
  -13.00000      1.8168843E-04
  -12.99000      3.3576394E-04
  -12.98000      5.7753950E-04
  -12.97000      9.2880905E-04
  -12.96000      1.3999075E-03
  -12.95000      1.9812158E-03
  -12.94000      2.6425722E-03
  -12.93000      3.3312098E-03
  -12.92000      3.9708456E-03
  -12.91000      4.4756369E-03
  -12.90000      4.7671525E-03
  -12.89000      4.7879331E-03
  -12.88000      4.5165448E-03
  -12.87000      3.9730258E-03
  -12.86000      3.2223815E-03
  -12.85000      2.3691799E-03
  -12.84000      1.5316221E-03
  -12.83000      8.1721571E-04
  -12.82000      3.0983955E-04
  -12.81000      5.2478121E-05
  -12.80000      3.3545410E-05
  -12.79000      1.9616089E-04
  -12.78000      4.5370331E-04
  -12.77000      7.0910685E-04
  -12.76000      8.8078465E-04
  -12.75000      9.2056370E-04
  -12.74000      8.2244619E-04
  -12.73000      6.2009931E-04
  -12.72000      3.7687310E-04
  -12.71000      1.6567955E-04
  -12.70000      4.4531018E-05
  -12.69000      4.3270386E-05
  -12.68000      1.5515038E-04
  -12.67000      3.3768674E-04
  -12.66000      5.2880571E-04
  -12.65000      6.6533813E-04
  -12.64000      7.0187519E-04
  -12.63000      6.2540855E-04
  -12.62000      4.5990042E-04
  -12.61000      2.6033373E-04
  -12.60000      9.4238872E-05
  -12.59000      2.1696605E-05
  -12.58000      7.6443292E-05
  -12.57000      2.5157211E-04
  -12.56000      5.0107454E-04
  -12.55000      7.5062137E-04
  -12.54000      9.1974990E-04
  -12.53000      9.4769307E-04
  -12.52000      8.1412389E-04
  -12.51000      5.5574445E-04
  -12.50000      2.6168625E-04
  -12.49000      5.7027577E-05
  -12.48000      7.8516234E-05
  -12.47000      4.3764693E-04
  -12.46000      1.1909656E-03
  -12.45000      2.3205830E-03
  -12.44000      3.7345281E-03
  -12.43000      5.2777003E-03
  -12.42000      6.7476509E-03
  -12.41000      7.9419306E-03
  -12.40000      8.7053739E-03
  -12.39000      8.9394227E-03
  -12.38000      8.6236121E-03
  -12.37000      7.8253308E-03
  -12.36000      6.6704177E-03
  -12.35000      5.3210501E-03
  -12.34000      3.9465185E-03
  -12.33000      2.6915779E-03
  -12.32000      1.6611828E-03
  -12.31000      9.0400927E-04
  -12.30000      4.1506512E-04
  -12.29000      1.5373950E-04
  -12.28000      5.7574543E-05
  -12.27000      5.8857142E-05
  -12.26000      1.0042287E-04
  -12.25000      1.4288607E-04
  -12.24000      1.6670767E-04
  -12.23000      1.6805233E-04
  -12.22000      1.5311003E-04
  -12.21000      1.3131036E-04
  -12.20000      1.0959115E-04
  -12.19000      9.1177804E-05
  -12.18000      7.5729498E-05
  -12.17000      6.1083090E-05
  -12.16000      4.6138561E-05
  -12.15000      3.1973395E-05
  -12.14000      2.1876309E-05
  -12.13000      1.9849083E-05
  -12.12000      2.8349601E-05
  -12.11000      4.6726458E-05
  -12.10000      7.0548551E-05
  -12.09000      9.2506423E-05
  -12.08000      1.0492229E-04
  -12.07000      1.0266803E-04
  -12.06000      8.5342654E-05
  -12.05000      5.8000878E-05
  -12.04000      2.9983003E-05
  -12.03000      1.2160564E-05
  -12.02000      1.3073107E-05
  -12.01000      3.5596895E-05
  -12.00000      7.5478201E-05
  -11.99000      1.2159836E-04
  -11.98000      1.5936098E-04
  -11.97000      1.7568698E-04
  -11.96000      1.6342169E-04
  -11.95000      1.2530020E-04
  -11.94000      7.5582037E-05
  -11.93000      3.6875168E-05
  -11.92000      3.5574372E-05
  -11.91000      9.4932628E-05
  -11.90000      2.2848572E-04
  -11.89000      4.3524720E-04
  -11.88000      6.9572573E-04
  -11.87000      9.7734702E-04
  -11.86000      1.2402758E-03
  -11.85000      1.4422474E-03
  -11.84000      1.5498592E-03
  -11.83000      1.5461895E-03
  -11.82000      1.4326349E-03
  -11.81000      1.2291830E-03
  -11.80000      9.6840342E-04
  -11.79000      6.9091213E-04
  -11.78000      4.3742475E-04
  -11.77000      2.3685211E-04
  -11.76000      1.0430615E-04
  -11.75000      4.1876188E-05
  -11.74000      3.7236077E-05
  -11.73000      6.9096590E-05
  -11.72000      1.1400854E-04
  -11.71000      1.5154861E-04
  -11.70000      1.6852860E-04
  -11.69000      1.6058708E-04
  -11.68000      1.3196385E-04
  -11.67000      9.2200149E-05
  -11.66000      5.2625128E-05
  -11.65000      2.3303561E-05
  -11.64000      9.6858903E-06
  -11.63000      1.1879846E-05
  -11.62000      2.5580333E-05
  -11.61000      4.3780958E-05
  -11.60000      5.9289599E-05
  -11.59000      6.6711931E-05
  -11.58000      6.4032793E-05
  -11.57000      5.2702551E-05
  -11.56000      3.6726822E-05
  -11.55000      2.1309810E-05
  -11.54000      1.0916066E-05
  -11.53000      8.0199134E-06
  -11.52000      1.2615613E-05
  -11.51000      2.2402257E-05
  -11.50000      3.3720047E-05
  -11.49000      4.2683241E-05
  -11.48000      4.6543279E-05
  -11.47000      4.4309581E-05
  -11.46000      3.6791589E-05
  -11.45000      2.6375501E-05
  -11.44000      1.6065418E-05
  -11.43000      8.7070066E-06
  -11.42000      6.4608203E-06
  -11.41000      1.0542049E-05
  -11.40000      2.1479609E-05
  -11.39000      3.9401046E-05
  -11.38000      6.4655076E-05
  -11.37000      9.8060882E-05
  -11.36000      1.4015810E-04
  -11.35000      1.9100637E-04
  -11.34000      2.4983994E-04
  -11.33000      3.1380664E-04
  -11.32000      3.7775942E-04
  -11.31000      4.3528745E-04
  -11.30000      4.7903479E-04
  -11.29000      5.0253171E-04
  -11.28000      5.0194637E-04
  -11.27000      4.7632202E-04
  -11.26000      4.2901855E-04
  -11.25000      3.6711316E-04
  -11.24000      2.9892556E-04
  -11.23000      2.3361894E-04
  -11.22000      1.7889096E-04
  -11.21000      1.3874362E-04
  -11.20000      1.1372835E-04
  -11.19000      1.0088322E-04
  -11.18000      9.5184929E-05
  -11.17000      9.1282091E-05
  -11.16000      8.4763466E-05
  -11.15000      7.3983618E-05
  -11.14000      5.9949187E-05
  -11.13000      4.5554811E-05
  -11.12000      3.4738332E-05
  -11.11000      3.0645326E-05
  -11.10000      3.4488141E-05
  -11.09000      4.4784560E-05
  -11.08000      5.7833116E-05
  -11.07000      6.9017158E-05
  -11.06000      7.3961834E-05
  -11.05000      7.0251204E-05
  -11.04000      5.8477901E-05
  -11.03000      4.1752559E-05
  -11.02000      2.5216921E-05
  -11.01000      1.4357471E-05
  -11.00000      1.2923346E-05
  -10.99000      2.1962454E-05
  -10.98000      3.9238883E-05
  -10.97000      5.9827711E-05
  -10.96000      7.7584249E-05
  -10.95000      8.6962114E-05
  -10.94000      8.4991712E-05
  -10.93000      7.1986076E-05
  -10.92000      5.1640818E-05
  -10.91000      3.0065583E-05
  -10.90000      1.3713544E-05
  -10.89000      7.9531765E-06
  -10.88000      1.5949254E-05
  -10.87000      3.8610586E-05
  -10.86000      7.5591364E-05
  -10.85000      1.2686105E-04
  -10.84000      1.9484460E-04
  -10.83000      2.8482269E-04
  -10.82000      4.0398241E-04
  -10.81000      5.6046736E-04
  -10.80000      7.5908646E-04
  -10.79000      9.9574006E-04
  -10.78000      1.2573699E-03
  -10.77000      1.5210049E-03
  -10.76000      1.7538979E-03
  -10.75000      1.9211672E-03
  -10.74000      1.9916375E-03
  -10.73000      1.9447706E-03
  -10.72000      1.7794891E-03
  -10.71000      1.5131359E-03
  -10.70000      1.1811310E-03
  -10.69000      8.3303283E-04
  -10.68000      5.1918480E-04
  -10.67000      2.8151201E-04
  -10.66000      1.4593922E-04
  -10.65000      1.1518574E-04
  -10.64000      1.7069347E-04
  -10.63000      2.7630650E-04
  -10.62000      3.8781352E-04
  -10.61000      4.6653798E-04
  -10.60000      4.8669841E-04
  -10.59000      4.4201175E-04
  -10.58000      3.4721044E-04
  -10.57000      2.3214043E-04
  -10.56000      1.3282054E-04
  -10.55000      7.9893922E-05
  -10.54000      9.0595051E-05
  -10.53000      1.6235493E-04
  -10.52000      2.7287760E-04
  -10.51000      3.8890631E-04
  -10.50000      4.7390914E-04
  -10.49000      4.9978739E-04
  -10.48000      4.5729580E-04
  -10.47000      3.5858073E-04
  -10.46000      2.3511901E-04
  -10.45000      1.2810303E-04
  -10.44000      7.6781500E-05
  -10.43000      1.0591249E-04
  -10.42000      2.1515100E-04
  -10.41000      3.7863228E-04
  -10.40000      5.4912735E-04
  -10.39000      6.7078572E-04
  -10.38000      6.9839100E-04
  -10.37000      6.1233377E-04
  -10.36000      4.3171438E-04
  -10.35000      2.1568889E-04
  -10.34000      5.7958245E-05
  -10.33000      7.0167291E-05
  -10.32000      3.5328799E-04
  -10.31000      9.7815599E-04
  -10.30000      1.9620305E-03
  -10.29000      3.2521286E-03
  -10.28000      4.7373711E-03
  -10.27000      6.2585822E-03
  -10.26000      7.6357313E-03
  -10.25000      8.7000588E-03
  -10.24000      9.3144588E-03
  -10.23000      9.4053382E-03
  -10.22000      8.9778490E-03
  -10.21000      8.0986824E-03
  -10.20000      6.8945712E-03
  -10.19000      5.5269073E-03
  -10.18000      4.1486756E-03
  -10.17000      2.8908122E-03
  -10.16000      1.8521234E-03
  -10.15000      1.0804967E-03
  -10.14000      5.7123462E-04
  -10.13000      2.8536411E-04
  -10.12000      1.6645000E-04
  -10.11000      1.5304300E-04
  -10.10000      1.9093459E-04
  -10.09000      2.4340236E-04
  -10.08000      2.9078830E-04
  -10.07000      3.2666346E-04
  -10.06000      3.5302341E-04
  -10.05000      3.7290514E-04
  -10.04000      3.8612631E-04
  -10.03000      3.8875206E-04
  -10.02000      3.7475786E-04
  -10.01000      3.4025920E-04
  -10.00000      2.8556958E-04
  -9.990000      2.1743888E-04
  -9.980000      1.4933026E-04
  -9.970000      9.6287811E-05
  -9.960000      7.0717804E-05
  -9.950000      7.7864264E-05
  -9.940000      1.1336789E-04
  -9.930000      1.6387469E-04
  -9.920000      2.1083791E-04
  -9.910000      2.3654553E-04
  -9.900000      2.3010964E-04
  -9.890000      1.9172851E-04
  -9.880000      1.3336100E-04
  -9.870000      7.5340955E-05
  -9.860000      3.9913197E-05
  -9.850000      4.3433047E-05
  -9.840000      9.0032387E-05
  -9.830000      1.6895632E-04
  -9.820000      2.5690894E-04
  -9.810000      3.2543245E-04
  -9.800000      3.5130855E-04
  -9.790000      3.2690016E-04
  -9.780000      2.6702488E-04
  -9.770000      2.0959075E-04
  -9.760000      2.0893199E-04
  -9.750000      3.2279032E-04
  -9.740000      5.9558306E-04
  -9.730000      1.0426760E-03
  -9.720000      1.6406364E-03
  -9.710000      2.3253902E-03
  -9.700000      3.0014147E-03
  -9.690000      3.5601293E-03
  -9.680000      3.9023363E-03
  -9.670000      3.9606648E-03
  -9.660000      3.7164106E-03
  -9.650000      3.2051881E-03
  -9.640000      2.5104284E-03
  -9.630000      1.7467510E-03
  -9.620000      1.0350865E-03
  -9.610000      4.7762014E-04
  -9.600000      1.3728342E-04
  -9.590000      2.6460168E-05
  -9.580000      1.0863332E-04
  -9.570000      3.1142915E-04
  -9.560000      5.4692535E-04
  -9.550000      7.3430577E-04
  -9.540000      8.1869162E-04
  -9.530000      7.8155712E-04
  -9.520000      6.4115302E-04
  -9.510000      4.4309342E-04
  -9.500000      2.4477797E-04
  -9.490000      9.7602286E-05
  -9.480000      3.3103664E-05
  -9.470000      5.5898112E-05
  -9.460000      1.4486260E-04
  -9.450000      2.6186765E-04
  -9.440000      3.6461250E-04
  -9.430000      4.1932712E-04
  -9.420000      4.1015065E-04
  -9.410000      3.4234123E-04
  -9.400000      2.3875992E-04
  -9.390000      1.3140590E-04
  -9.380000      5.0970364E-05
  -9.370000      1.7498714E-05
  -9.360000      3.5301935E-05
  -9.350000      9.3027877E-05
  -9.340000      1.6842048E-04
  -9.330000      2.3614785E-04
  -9.320000      2.7567154E-04
  -9.310000      2.7685831E-04
  -9.300000      2.4199563E-04
  -9.290000      1.8384200E-04
  -9.280000      1.2129131E-04
  -9.270000      7.4090785E-05
  -9.260000      5.8984773E-05
  -9.250000      8.8387860E-05
  -9.240000      1.7148911E-04
  -9.230000      3.1663672E-04
  -9.220000      5.3324638E-04
  -9.210000      8.3154696E-04
  -9.200000      1.2188210E-03
  -9.190000      1.6938184E-03
  -9.180000      2.2404303E-03
  -9.170000      2.8224802E-03
  -9.160000      3.3843115E-03
  -9.150000      3.8568685E-03
  -9.140000      4.1689235E-03
  -9.130000      4.2623170E-03
  -9.120000      4.1072899E-03
  -9.110000      3.7123132E-03
  -9.100000      3.1265230E-03
  -9.090000      2.4323582E-03
  -9.080000      1.7294879E-03
  -9.070000      1.1138526E-03
  -9.060000      6.5788033E-04
  -9.050000      3.9520874E-04
  -9.040000      3.1570814E-04
  -9.030000      3.7198761E-04
  -9.020000      4.9415929E-04
  -9.010000      6.1025383E-04
  -9.000000      6.6556595E-04
  -8.990000      6.3571060E-04
  -8.980000      5.3039257E-04
  -8.970000      3.8648647E-04
  -8.960000      2.5333575E-04
  -8.950000      1.7536320E-04
  -8.940000      1.7697357E-04
  -8.930000      2.5494964E-04
  -8.920000      3.8014026E-04
  -8.910000      5.0778117E-04
  -8.900000      5.9297553E-04
  -8.890000      6.0575409E-04
  -8.880000      5.4126902E-04
  -8.870000      4.2114497E-04
  -8.860000      2.8581673E-04
  -8.850000      1.8062709E-04
  -8.840000      1.4028601E-04
  -8.830000      1.7691309E-04
  -8.820000      2.7579156E-04
  -8.810000      4.0035328E-04
  -8.800000      5.0459488E-04
  -8.790000      5.4918206E-04
  -8.780000      5.1500148E-04
  -8.770000      4.1013284E-04
  -8.760000      2.6792151E-04
  -8.750000      1.3640942E-04
  -8.740000      6.4323634E-05
  -8.730000      8.8109919E-05
  -8.720000      2.2556342E-04
  -8.710000      4.7914658E-04
  -8.700000      8.4714981E-04
  -8.690000      1.3387803E-03
  -8.680000      1.9861977E-03
  -8.670000      2.8456829E-03
  -8.660000      3.9846506E-03
  -8.650000      5.4556713E-03
  -8.640000      7.2631086E-03
  -8.630000      9.3317395E-03
  -8.620000      1.1492162E-02
  -8.610000      1.3489142E-02
  -8.600000      1.5018161E-02
  -8.590000      1.5785338E-02
  -8.580000      1.5579090E-02
  -8.570000      1.4333038E-02
  -8.560000      1.2161634E-02
  -8.550000      9.3579823E-03
  -8.540000      6.3453950E-03
  -8.530000      3.5938667E-03
  -8.520000      1.5225461E-03
  -8.510000      4.0265766E-04
  -8.500000      2.9331201E-04
  -8.490000      1.0296630E-03
  -8.480000      2.2643714E-03
  -8.470000      3.5575274E-03
  -8.460000      4.4916277E-03
  -8.450000      4.7793402E-03
  -8.440000      4.3379888E-03
  -8.430000      3.3085779E-03
  -8.420000      2.0099482E-03
  -8.410000      8.4448821E-04
  -8.400000      1.7835457E-04
  -8.390000      2.2945149E-04
  -8.380000      9.9894265E-04
  -8.370000      2.2640217E-03
  -8.360000      3.6390813E-03
  -8.350000      4.6920441E-03
  -8.340000      5.0779744E-03
  -8.330000      4.6523716E-03
  -8.320000      3.5313452E-03
  -8.310000      2.0740938E-03
  -8.300000      7.8996085E-04
  -8.290000      1.8883975E-04
  -8.280000      6.1809941E-04
  -8.270000      2.1349431E-03
  -8.260000      4.4517517E-03
  -8.250000      6.9863745E-03
  -8.240000      9.0080034E-03
  -8.230000      9.8478319E-03
  -8.220000      9.1261873E-03
  -8.210000      6.9326474E-03
  -8.200000      3.9066193E-03
  -8.190000      1.1872431E-03
  -8.180000      2.2158453E-04
  -8.170000      2.4680519E-03
  -8.160000      9.0675373E-03
  -8.150000      2.0530812E-02
  -8.140000      3.6552493E-02
  -8.130000      5.5968512E-02
  -8.120000      7.6868892E-02
  -8.110000      9.6889466E-02
  -8.100000      0.1136021    
  -8.090000      0.1249260    
  -8.080000      0.1294669    
  -8.070000      0.1267584    
  -8.060000      0.1172975    
  -8.050000      0.1024499    
  -8.040000      8.4169038E-02
  -8.030000      6.4641729E-02
  -8.020000      4.5928720E-02
  -8.010000      2.9683774E-02
  -8.000000      1.6942469E-02
  -7.990000      8.0612982E-03
  -7.980000      2.8046246E-03
  -7.970000      4.7595968E-04
  -7.960000      1.5233575E-04
  -7.950000      8.9217752E-04
  -7.940000      1.9093475E-03
  -7.930000      2.6756497E-03
  -7.920000      2.9461992E-03
  -7.910000      2.7186081E-03
  -7.900000      2.1502601E-03
  -7.890000      1.4633216E-03
  -7.880000      8.5938728E-04
  -7.870000      4.6570957E-04
  -7.860000      3.1699802E-04
  -7.850000      3.6735390E-04
  -7.840000      5.2419404E-04
  -7.830000      6.8678823E-04
  -7.820000      7.7853864E-04
  -7.810000      7.6458504E-04
  -7.800000      6.5252825E-04
  -7.790000      4.8088314E-04
  -7.780000      3.0018794E-04
  -7.770000      1.5512537E-04
  -7.760000      7.2396047E-05
  -7.750000      5.6464924E-05
  -7.740000      9.3079892E-05
  -7.730000      1.5730783E-04
  -7.720000      2.2250414E-04
  -7.710000      2.6740838E-04
  -7.700000      2.7980490E-04
  -7.690000      2.5702978E-04
  -7.680000      2.0484879E-04
  -7.670000      1.3611393E-04
  -7.660000      7.0435082E-05
  -7.650000      3.4669221E-05
  -7.640000      6.2983388E-05
  -7.630000      1.9521057E-04
  -7.620000      4.7226722E-04
  -7.610000      9.2771271E-04
  -7.600000      1.5781235E-03
  -7.590000      2.4133022E-03
  -7.580000      3.3893650E-03
  -7.570000      4.4286852E-03
  -7.560000      5.4286313E-03
  -7.550000      6.2761204E-03
  -7.540000      6.8648993E-03
  -7.530000      7.1170707E-03
  -7.520000      6.9958833E-03
  -7.510000      6.5146801E-03
  -7.500000      5.7345135E-03
  -7.490000      4.7532269E-03
  -7.480000      3.6877203E-03
  -7.470000      2.6539748E-03
  -7.460000      1.7482442E-03
  -7.450000      1.0333580E-03
  -7.440000      5.3389609E-04
  -7.430000      2.3838587E-04
  -7.420000      1.0816856E-04
  -7.410000      9.0314148E-05
  -7.400000      1.3067339E-04
  -7.390000      1.8427048E-04
  -7.380000      2.2152986E-04
  -7.370000      2.2959353E-04
  -7.360000      2.0975120E-04
  -7.350000      1.7224757E-04
  -7.340000      1.3034463E-04
  -7.330000      9.5514195E-05
  -7.320000      7.4408345E-05
  -7.310000      6.8025525E-05
  -7.300000      7.2848634E-05
  -7.290000      8.2885854E-05
  -7.280000      9.2029572E-05
  -7.270000      9.5894327E-05
  -7.260000      9.2753144E-05
  -7.250000      8.3635590E-05
  -7.240000      7.1601418E-05
  -7.230000      6.0658676E-05
  -7.220000      5.4641878E-05
  -7.210000      5.6252666E-05
  -7.200000      6.6547633E-05
  -7.190000      8.4751584E-05
  -7.180000      1.0849018E-04
  -7.170000      1.3438868E-04
  -7.160000      1.5876618E-04
  -7.150000      1.7850767E-04
  -7.140000      1.9182668E-04
  -7.130000      1.9873015E-04
  -7.120000      2.0128831E-04
  -7.110000      2.0344254E-04
  -7.100000      2.1049024E-04
  -7.090000      2.2834772E-04
  -7.080000      2.6277817E-04
  -7.070000      3.1855577E-04
  -7.060000      3.9889530E-04
  -7.050000      5.0512160E-04
  -7.040000      6.3626620E-04
  -7.030000      7.8873360E-04
  -7.020000      9.5604640E-04
  -7.010000      1.1285219E-03
  -7.000000      1.2932947E-03
  -6.990000      1.4348265E-03
  -6.980000      1.5362380E-03
  -6.970000      1.5816523E-03
  -6.960000      1.5591605E-03
  -6.950000      1.4637280E-03
  -6.940000      1.2994682E-03
  -6.930000      1.0805639E-03
  -6.920000      8.3007355E-04
  -6.910000      5.7672104E-04
  -6.900000      3.4997947E-04
  -6.890000      1.7451427E-04
  -6.880000      6.5338136E-05
  -6.870000      2.4709179E-05
  -6.860000      4.2053740E-05
  -6.850000      9.6979413E-05
  -6.840000      1.6449335E-04
  -6.830000      2.2123499E-04
  -6.820000      2.5097447E-04
  -6.810000      2.4787270E-04
  -6.800000      2.1678547E-04
  -6.790000      1.7048548E-04
  -6.780000      1.2479075E-04
  -6.770000      9.3296680E-05
  -6.760000      8.3223662E-05
  -6.750000      9.3723189E-05
  -6.740000      1.1698934E-04
  -6.730000      1.4173157E-04
  -6.720000      1.5756258E-04
  -6.710000      1.5885704E-04
  -6.700000      1.4646865E-04
  -6.690000      1.2704199E-04
  -6.680000      1.0994350E-04
  -6.670000      1.0322400E-04
  -6.660000      1.1021704E-04
  -6.650000      1.2799047E-04
  -6.640000      1.4848953E-04
  -6.630000      1.6191642E-04
  -6.620000      1.6093835E-04
  -6.610000      1.4424576E-04
  -6.600000      1.1780589E-04
  -6.590000      9.3342889E-05
  -6.580000      8.4683852E-05
  -6.570000      1.0354901E-04
  -6.560000      1.5692794E-04
  -6.550000      2.4774126E-04
  -6.540000      3.7920539E-04
  -6.530000      5.6123739E-04
  -6.520000      8.1625034E-04
  -6.510000      1.1810585E-03
  -6.500000      1.7009751E-03
  -6.490000      2.4167148E-03
  -6.480000      3.3460252E-03
  -6.470000      4.4634002E-03
  -6.460000      5.6877099E-03
  -6.450000      6.8819309E-03
  -6.440000      7.8685898E-03
  -6.430000      8.4635010E-03
  -6.420000      8.5169384E-03
  -6.410000      7.9569966E-03
  -6.400000      6.8203681E-03
  -6.390000      5.2608061E-03
  -6.380000      3.5277146E-03
  -6.370000      1.9193696E-03
  -6.360000      7.1674539E-04
  -6.350000      1.1355429E-04
  -6.340000      1.6815990E-04
  -6.330000      7.8292523E-04
  -6.320000      1.7260828E-03
  -6.310000      2.6908098E-03
  -6.300000      3.3760658E-03
  -6.290000      3.5705506E-03
  -6.280000      3.2136964E-03
  -6.270000      2.4169621E-03
  -6.260000      1.4344846E-03
  -6.250000      5.8926258E-04
  -6.240000      1.7514445E-04
  -6.230000      3.6266915E-04
  -6.220000      1.1380658E-03
  -6.210000      2.2958086E-03
  -6.200000      3.4922699E-03
  -6.190000      4.3460899E-03
  -6.180000      4.5609735E-03
  -6.170000      4.0341406E-03
  -6.160000      2.9094205E-03
  -6.150000      1.5593861E-03
  -6.140000      4.8741582E-04
  -6.130000      1.7773367E-04
  -6.120000      9.3072583E-04
  -6.110000      2.7353654E-03
  -6.100000      5.2244770E-03
  -6.090000      7.7394205E-03
  -6.080000      9.4981696E-03
  -6.070000      9.8419413E-03
  -6.060000      8.4901396E-03
  -6.050000      5.7390863E-03
  -6.040000      2.5357746E-03
  -6.030000      3.8524962E-04
  -6.020000      1.0920062E-03
  -6.010000      6.3860514E-03
  -6.000000      1.7500333E-02
  -5.990000      3.4799516E-02
  -5.980000      5.7549767E-02
  -5.970000      8.3901070E-02
  -5.960000      0.1110701    
  -5.950000      0.1358326    
  -5.940000      0.1550299    
  -5.930000      0.1661186    
  -5.920000      0.1676337    
  -5.910000      0.1594435    
  -5.900000      0.1427463    
  -5.890000      0.1198386    
  -5.880000      9.3709022E-02
  -5.870000      6.7491882E-02
  -5.860000      4.3940380E-02
  -5.850000      2.5029147E-02
  -5.840000      1.1716596E-02
  -5.830000      3.9504254E-03
  -5.820000      8.4445451E-04
  -5.810000      9.9794043E-04
  -5.800000      2.8637119E-03
  -5.790000      5.0730668E-03
  -5.780000      6.6627576E-03
  -5.770000      7.1716867E-03
  -5.760000      6.5986742E-03
  -5.750000      5.2696937E-03
  -5.740000      3.6544290E-03
  -5.730000      2.1944058E-03
  -5.720000      1.1807507E-03
  -5.710000      7.0371089E-04
  -5.700000      6.7559845E-04
  -5.690000      9.0079987E-04
  -5.680000      1.1640766E-03
  -5.670000      1.3051811E-03
  -5.660000      1.2583291E-03
  -5.650000      1.0516748E-03
  -5.640000      7.7428226E-04
  -5.630000      5.2712357E-04
  -5.620000      3.7998651E-04
  -5.610000      3.4924244E-04
  -5.600000      4.0097994E-04
  -5.590000      4.7559434E-04
  -5.580000      5.2042818E-04
  -5.570000      5.1557907E-04
  -5.560000      4.8246485E-04
  -5.550000      4.7010923E-04
  -5.540000      5.2657764E-04
  -5.530000      6.6816527E-04
  -5.520000      8.6057355E-04
  -5.510000      1.0239717E-03
  -5.500000      1.0637093E-03
  -5.490000      9.1877161E-04
  -5.480000      6.1194017E-04
  -5.470000      2.8183107E-04
  -5.460000      1.8065097E-04
  -5.450000      6.3019304E-04
  -5.440000      1.9426214E-03
  -5.430000      4.3218625E-03
  -5.420000      7.7793859E-03
  -5.410000      1.2086048E-02
  -5.400000      1.6775288E-02
  -5.390000      2.1212464E-02
  -5.380000      2.4713412E-02
  -5.370000      2.6685176E-02
  -5.360000      2.6760122E-02
  -5.350000      2.4887087E-02
  -5.340000      2.1354137E-02
  -5.330000      1.6732741E-02
  -5.320000      1.1759809E-02
  -5.310000      7.1816905E-03
  -5.300000      3.6039422E-03
  -5.290000      1.3772920E-03
  -5.280000      5.4416375E-04
  -5.270000      8.6399133E-04
  -5.260000      1.8950317E-03
  -5.250000      3.1188617E-03
  -5.240000      4.0742634E-03
  -5.230000      4.4597383E-03
  -5.220000      4.1855811E-03
  -5.210000      3.3676671E-03
  -5.200000      2.2667251E-03
  -5.190000      1.1978316E-03
  -5.180000      4.3497235E-04
  -5.170000      1.3679858E-04
  -5.160000      3.1349063E-04
  -5.150000      8.3914871E-04
  -5.140000      1.5015391E-03
  -5.130000      2.0722128E-03
  -5.120000      2.3740670E-03
  -5.110000      2.3283437E-03
  -5.100000      1.9678001E-03
  -5.090000      1.4157897E-03
  -5.080000      8.4105076E-04
  -5.070000      4.0337830E-04
  -5.060000      2.0686511E-04
  -5.050000      2.7408334E-04
  -5.040000      5.4721977E-04
  -5.030000      9.1289351E-04
  -5.020000      1.2422623E-03
  -5.010000      1.4305867E-03
  -5.000000      1.4261430E-03
  -4.990000      1.2397098E-03
  -4.980000      9.3367440E-04
  -4.970000      5.9765828E-04
  -4.960000      3.1833388E-04
  -4.950000      1.5497528E-04
  -4.940000      1.2833130E-04
  -4.930000      2.2400729E-04
  -4.920000      4.0823320E-04
  -4.910000      6.4769539E-04
  -4.900000      9.2569139E-04
  -4.890000      1.2476624E-03
  -4.880000      1.6338852E-03
  -4.870000      2.1024484E-03
  -4.860000      2.6488262E-03
  -4.850000      3.2322961E-03
  -4.840000      3.7744935E-03
  -4.830000      4.1732965E-03
  -4.820000      4.3294444E-03
  -4.810000      4.1780337E-03
  -4.800000      3.7143570E-03
  -4.790000      3.0036825E-03
  -4.780000      2.1728617E-03
  -4.770000      1.3813038E-03
  -4.760000      7.8101625E-04
  -4.750000      4.7603832E-04
  -4.740000      4.9240212E-04
  -4.730000      7.7206001E-04
  -4.720000      1.1877993E-03
  -4.710000      1.5816154E-03
  -4.700000      1.8113138E-03
  -4.690000      1.7921946E-03
  -4.680000      1.5223569E-03
  -4.670000      1.0825605E-03
  -4.660000      6.1077700E-04
  -4.650000      2.5930273E-04
  -4.640000      1.4587969E-04
  -4.630000      3.1542065E-04
  -4.620000      7.2456634E-04
  -4.610000      1.2537636E-03
  -4.600000      1.7428829E-03
  -4.590000      2.0414186E-03
  -4.580000      2.0550541E-03
  -4.570000      1.7768661E-03
  -4.560000      1.2915201E-03
  -4.550000      7.4964529E-04
  -4.540000      3.2230149E-04
  -4.530000      1.4746466E-04
  -4.520000      2.8543448E-04
  -4.510000      6.9915218E-04
  -4.500000      1.2636457E-03
  -4.490000      1.8041931E-03
  -4.480000      2.1511470E-03
  -4.470000      2.1922267E-03
  -4.460000      1.9117390E-03
  -4.450000      1.3970943E-03
  -4.440000      8.1545772E-04
  -4.430000      3.6515426E-04
  -4.420000      2.1660153E-04
  -4.410000      4.6259956E-04
  -4.400000      1.0927700E-03
  -4.390000      2.0002138E-03
  -4.380000      3.0182658E-03
  -4.370000      3.9747530E-03
  -4.360000      4.7447230E-03
  -4.350000      5.2874065E-03
  -4.340000      5.6520468E-03
  -4.330000      5.9469016E-03
  -4.320000      6.2896460E-03
  -4.310000      6.7495881E-03
  -4.300000      7.3055909E-03
  -4.290000      7.8365477E-03
  -4.280000      8.1495903E-03
  -4.270000      8.0421139E-03
  -4.260000      7.3782275E-03
  -4.250000      6.1527099E-03
  -4.240000      4.5227273E-03
  -4.230000      2.7874878E-03
  -4.220000      1.3215604E-03
  -4.210000      4.7464381E-04
  -4.200000      4.6405042E-04
  -4.190000      1.3005093E-03
  -4.180000      2.7660315E-03
  -4.170000      4.4585089E-03
  -4.160000      5.8958377E-03
  -4.150000      6.6533876E-03
  -4.140000      6.4929165E-03
  -4.130000      5.4448019E-03
  -4.120000      3.8130258E-03
  -4.110000      2.0984584E-03
  -4.100000      8.5656199E-04
  -4.090000      5.2757916E-04
  -4.080000      1.2909427E-03
  -4.070000      2.9937113E-03
  -4.060000      5.1715770E-03
  -4.050000      7.1784649E-03
  -4.040000      8.3765220E-03
  -4.030000      8.3455844E-03
  -4.020000      7.0452578E-03
  -4.010000      4.8634284E-03
  -4.000000      2.5411053E-03
  -3.990000      9.7380416E-04
  -3.980000      9.3663135E-04
  -3.970000      2.8184354E-03
  -3.960000      6.4346325E-03
  -3.950000      1.1000116E-02
  -3.940000      1.5286564E-02
  -3.930000      1.7952733E-02
  -3.920000      1.7965207E-02
  -3.910000      1.5012112E-02
  -3.900000      9.7931745E-03
  -3.890000      4.0911175E-03
  -3.880000      5.7782308E-04
  -3.870000      2.3469438E-03
  -3.860000      1.2287939E-02
  -3.850000      3.2384366E-02
  -3.840000      6.3140213E-02
  -3.830000      0.1032700    
  -3.820000      0.1496513    
  -3.810000      0.1977168    
  -3.800000      0.2421453    
  -3.790000      0.2776988    
  -3.780000      0.3000523    
  -3.770000      0.3065265    
  -3.760000      0.2965514    
  -3.750000      0.2716600    
  -3.740000      0.2352414    
  -3.730000      0.1918694    
  -3.720000      0.1465061    
  -3.710000      0.1037251    
  -3.700000      6.7097962E-02
  -3.690000      3.8734499E-02
  -3.680000      1.9228086E-02
  -3.670000      7.8604314E-03
  -3.660000      2.9539515E-03
  -3.650000      2.3723184E-03
  -3.640000      4.0078573E-03
  -3.630000      6.1462871E-03
  -3.620000      7.6828059E-03
  -3.610000      8.1553590E-03
  -3.600000      7.6272413E-03
  -3.590000      6.4872075E-03
  -3.580000      5.2236691E-03
  -3.570000      4.2404821E-03
  -3.560000      3.7438767E-03
  -3.550000      3.7236321E-03
  -3.540000      4.0024188E-03
  -3.530000      4.3300432E-03
  -3.520000      4.4818404E-03
  -3.510000      4.3300544E-03
  -3.500000      3.8723361E-03
  -3.490000      3.2116170E-03
  -3.480000      2.5064421E-03
  -3.470000      1.9077332E-03
  -3.460000      1.5098745E-03
  -3.450000      1.3273157E-03
  -3.440000      1.3014560E-03
  -3.430000      1.3338143E-03
  -3.420000      1.3299832E-03
  -3.410000      1.2382267E-03
  -3.400000      1.0688982E-03
  -3.390000      8.8826934E-04
  -3.380000      7.9009245E-04
  -3.370000      8.5575541E-04
  -3.360000      1.1178799E-03
  -3.350000      1.5408900E-03
  -3.340000      2.0258918E-03
  -3.330000      2.4398658E-03
  -3.320000      2.6596908E-03
  -3.310000      2.6176379E-03
  -3.300000      2.3320634E-03
  -3.290000      1.9140311E-03
  -3.280000      1.5420562E-03
  -3.270000      1.4140892E-03
  -3.260000      1.6870823E-03
  -3.250000      2.4227521E-03
  -3.240000      3.5580236E-03
  -3.230000      4.9077682E-03
  -3.220000      6.2041786E-03
  -3.210000      7.1612364E-03
  -3.200000      7.5507360E-03
  -3.190000      7.2679035E-03
  -3.180000      6.3674613E-03
  -3.170000      5.0574187E-03
  -3.160000      3.6500271E-03
  -3.150000      2.4857866E-03
  -3.140000      1.8449160E-03
  -3.130000      1.8745670E-03
  -3.120000      2.5480257E-03
  -3.110000      3.6687455E-03
  -3.100000      4.9207686E-03
  -3.090000      5.9523606E-03
  -3.080000      6.4689275E-03
  -3.070000      6.3120355E-03
  -3.060000      5.5015222E-03
  -3.050000      4.2284806E-03
  -3.040000      2.8022081E-03
  -3.030000      1.5648627E-03
  -3.020000      7.9776737E-04
  -3.010000      6.4679020E-04
  -3.000000      1.0854620E-03
  -2.990000      1.9263389E-03
  -2.980000      2.8774445E-03
  -2.970000      3.6301578E-03
  -2.960000      3.9487816E-03
  -2.950000      3.7388932E-03
  -2.940000      3.0730879E-03
  -2.930000      2.1670486E-03
  -2.920000      1.3152616E-03
  -2.910000      8.0322986E-04
  -2.900000      8.2311837E-04
  -2.890000      1.4149818E-03
  -2.880000      2.4541020E-03
  -2.870000      3.6846434E-03
  -2.860000      4.7925441E-03
  -2.850000      5.4950262E-03
  -2.840000      5.6185145E-03
  -2.830000      5.1461663E-03
  -2.820000      4.2199790E-03
  -2.810000      3.1018539E-03
  -2.800000      2.1053455E-03
  -2.790000      1.5152312E-03
  -2.780000      1.5204528E-03
  -2.770000      2.1773067E-03
  -2.760000      3.4112046E-03
  -2.750000      5.0517363E-03
  -2.740000      6.8842750E-03
  -2.730000      8.7000178E-03
  -2.720000      1.0331991E-02
  -2.710000      1.1668703E-02
  -2.700000      1.2642198E-02
  -2.690000      1.3208861E-02
  -2.680000      1.3330365E-02
  -2.670000      1.2967918E-02
  -2.660000      1.2097188E-02
  -2.650000      1.0734816E-02
  -2.640000      8.9676529E-03
  -2.630000      6.9683515E-03
  -2.620000      4.9862755E-03
  -2.610000      3.3040245E-03
  -2.600000      2.1692184E-03
  -2.590000      1.7244370E-03
  -2.580000      1.9538889E-03
  -2.570000      2.6721619E-03
  -2.560000      3.5661575E-03
  -2.550000      4.2797723E-03
  -2.540000      4.5191827E-03
  -2.530000      4.1495464E-03
  -2.520000      3.2511353E-03
  -2.510000      2.1070156E-03
  -2.500000      1.1245222E-03
  -2.490000      7.0606929E-04
  -2.480000      1.1109510E-03
  -2.470000      2.3551506E-03
  -2.460000      4.1788910E-03
  -2.450000      6.1066756E-03
  -2.440000      7.5786263E-03
  -2.430000      8.1282957E-03
  -2.420000      7.5449119E-03
  -2.410000      5.9668371E-03
  -2.400000      3.8684236E-03
  -2.390000      1.9352825E-03
  -2.380000      8.5850497E-04
  -2.370000      1.1142478E-03
  -2.360000      2.7915556E-03
  -2.350000      5.5325450E-03
  -2.340000      8.6063100E-03
  -2.330000      1.1114832E-02
  -2.320000      1.2273345E-02
  -2.310000      1.1674403E-02
  -2.300000      9.4560208E-03
  -2.290000      6.3084993E-03
  -2.280000      3.3125691E-03
  -2.270000      1.6491119E-03
  -2.260000      2.2575569E-03
  -2.250000      5.5477805E-03
  -2.240000      1.1254951E-02
  -2.230000      1.8499393E-02
  -2.220000      2.6016705E-02
  -2.210000      3.2527249E-02
  -2.200000      3.7100773E-02
  -2.190000      3.9388731E-02
  -2.180000      3.9705906E-02
  -2.170000      3.8858902E-02
  -2.160000      3.7816901E-02
  -2.150000      3.7329182E-02
  -2.140000      3.7622072E-02
  -2.130000      3.8262594E-02
  -2.120000      3.8307115E-02
  -2.110000      3.6648724E-02
  -2.100000      3.2486659E-02
  -2.090000      2.5755126E-02
  -2.080000      1.7339215E-02
  -2.070000      8.9701209E-03
  -2.060000      2.8073229E-03
  -2.050000      7.8369986E-04
  -2.040000      3.9219945E-03
  -2.030000      1.1855243E-02
  -2.020000      2.2747081E-02
  -2.010000      3.3681370E-02
  -2.000000      4.1444335E-02
  -1.990000      4.3505576E-02
  -1.980000      3.8920376E-02
  -1.970000      2.8820740E-02
  -1.960000      1.6312312E-02
  -1.950000      5.6744483E-03
  -1.940000      1.0774215E-03
  -1.930000      5.2132192E-03
  -1.920000      1.8217470E-02
  -1.910000      3.7314720E-02
  -1.900000      5.7335250E-02
  -1.890000      7.2100922E-02
  -1.880000      7.6421410E-02
  -1.870000      6.8080001E-02
  -1.860000      4.9074523E-02
  -1.850000      2.5633363E-02
  -1.840000      6.8950201E-03
  -1.830000      2.4331308E-03
  -1.820000      1.9179357E-02
  -1.810000      5.8508605E-02
  -1.800000      0.1144779    
  -1.790000      0.1743420    
  -1.780000      0.2214278    
  -1.770000      0.2397886    
  -1.760000      0.2195956    
  -1.750000      0.1623756    
  -1.740000      8.4755532E-02
  -1.730000      1.8999550E-02
  -1.720000      9.2732487E-03
  -1.710000      0.1040815    
  -1.700000      0.3465368    
  -1.690000      0.7638301    
  -1.680000       1.358109    
  -1.670000       2.099852    
  -1.660000       2.931645    
  -1.650000       3.773850    
  -1.640000       4.536296    
  -1.630000       5.131567    
  -1.620000       5.489354    
  -1.610000       5.542942    
  -1.600000       5.317969    
  -1.590000       4.934511    
  -1.580000       4.251366    
  -1.570000       3.297430    
  -1.560000       2.359931    
  -1.550000       1.516318    
  -1.540000      0.8266332    
  -1.530000      0.3732954    
  -1.520000      0.1182871    
  -1.510000      1.5003133E-02
  -1.500000      4.2197477E-02
  -1.490000      0.1411604    
  -1.480000      0.1962555    
  -1.470000      0.2351918    
  -1.460000      0.2573311    
  -1.450000      0.2499695    
  -1.440000      0.2174021    
  -1.430000      0.1486183    
  -1.420000      8.0989160E-02
  -1.410000      3.3588015E-02
  -1.400000      8.0096796E-03
  -1.390000      4.2242282E-03
  -1.380000      1.6228877E-02
  -1.370000      4.3684967E-02
  -1.360000      9.4678417E-02
  -1.350000      0.1355270    
  -1.340000      0.1143490    
  -1.330000      7.9804666E-02
  -1.320000      7.6173961E-02
  -1.310000      6.3884474E-02
  -1.300000      2.2611825E-02
  -1.290000      2.9275925E-03
  -1.280000      3.6494012E-03
  -1.270000      2.1545760E-02
  -1.260000      3.5471641E-02
  -1.250000      3.3017155E-02
  -1.240000      3.4535084E-02
  -1.230000      4.2070709E-02
  -1.220000      4.3099504E-02
  -1.210000      2.3927361E-02
  -1.200000      1.0194232E-02
  -1.190000      6.9373208E-03
  -1.180000      6.0041272E-03
  -1.170000      6.4144912E-03
  -1.160000      7.7055334E-03
  -1.150000      7.9976935E-03
  -1.140000      9.1765802E-03
  -1.130000      1.3236267E-02
  -1.120000      1.4314325E-02
  -1.110000      8.5515194E-03
  -1.100000      5.0060782E-03
  -1.090000      4.7343494E-03
  -1.080000      3.1663100E-03
  -1.070000      2.3459883E-03
  -1.060000      2.2854081E-03
  -1.050000      2.1371697E-03
  -1.040000      2.4892844E-03
  -1.030000      7.8015258E-03
  -1.020000      6.0890183E-02
  -1.010000      9.4817318E-02
  -1.000000      3.2711454E-02
 -0.9900000      1.1002610E-02
 -0.9800000      5.0526117E-03
 -0.9700000      3.6224558E-03
 -0.9600000      2.6454984E-03
 -0.9500000      1.3161533E-03
 -0.9400000      8.5685484E-04
 -0.9300000      4.1789043E-04
 -0.9200000      1.1822840E-04
 -0.9100000      1.6700847E-04
 -0.9000000      3.2568400E-04
 -0.8900000      2.3105698E-05
 -0.8800000     -4.4774159E-05
 -0.8700000      6.5268017E-03
 -0.8600000      2.1984847E-02
 -0.8500000      8.1869271E-03
 -0.8400000      2.1114238E-03
 -0.8300000      1.3406006E-02
 -0.8200000      2.0369733E-02
 -0.8100000      3.6779225E-03
 -0.8000000     -1.1796655E-04
 -0.7900000      8.2406099E-05
 -0.7800000      1.2127969E-04
 -0.7700000      4.4206274E-05
 -0.7600000      9.5394818E-05
 -0.7500000      1.9329727E-04
 -0.7400000      1.5078511E-04
 -0.7300000      1.1115947E-04
 -0.7200000      1.1424364E-04
 -0.7100000      2.8048569E-04
 -0.7000000      1.4756101E-03
 -0.6900000      1.4061129E-03
 -0.6800000      3.0372129E-04
 -0.6700000      4.5669347E-04
 -0.6600000      4.6244042E-04
 -0.6500000      4.2823268E-04
 -0.6400000      1.0006475E-03
 -0.6300000      7.3993619E-04
 -0.6200000      1.0198321E-03
 -0.6100000      1.3542997E-02
 -0.6000000      1.6241977E-02
 -0.5900000      1.4724414E-03
 -0.5800000     -1.8735985E-04
 -0.5700000      1.8135344E-03
 -0.5600000      3.5224233E-03
 -0.5500000      4.8476705E-04
 -0.5400000     -2.6345792E-06
 -0.5300000      1.0460164E-04
 -0.5200000      2.9126331E-04
 -0.5100000      3.2899447E-04
 -0.5000000      1.7716071E-04
 -0.4900000      8.7466913E-05
 -0.4800000      4.9088285E-05
 -0.4700000      3.8848602E-04
 -0.4600000      3.1952462E-03
 -0.4500000      2.9232651E-03
 -0.4400000      3.5794589E-04
 -0.4300000      2.3828523E-05
 -0.4200000      3.3140579E-05
 -0.4100000      4.2161450E-05
 -0.4000000      4.0792485E-05
 -0.3900000      3.5852328E-05
 -0.3800000      2.9436113E-05
 -0.3700000      6.5883818E-05
 -0.3600000      3.8655437E-04
 -0.3500000      3.1031735E-04
 -0.3400000      3.1359781E-05
 -0.3300000      1.8892963E-05
 -0.3200000      3.2121145E-05
 -0.3100000      4.4066524E-05
 -0.3000000      5.2737687E-05
 -0.2900000      5.7105379E-05
 -0.2800000      5.5718341E-05
 -0.2700000      4.8446531E-05
 -0.2600000      3.6955276E-05
 -0.2500000      2.4306109E-05
 -0.2400000      1.4279243E-05
 -0.2300000      1.0416681E-05
 -0.2200000      1.4895794E-05
 -0.2100000      2.7742888E-05
 -0.2000000      4.6588510E-05
 -0.1900000      6.6938075E-05
 -0.1800000      8.3364612E-05
 -0.1700000      9.0884852E-05
 -0.1600000      8.6049360E-05
 -0.1500000      6.9022812E-05
 -0.1400000      5.1980038E-05
 -0.1300000      1.0389366E-04
 -0.1200000      9.6304888E-05
 -0.1100000      2.0965297E-05
 -0.1000000      3.7798251E-05
 -9.0000004E-02  9.0636444E-05
 -7.9999998E-02  1.6593508E-04
 -7.0000000E-02  2.5524601E-04
 -5.9999999E-02  3.4687307E-04
 -5.0000001E-02  4.2755369E-04
 -3.9999999E-02  4.8526036E-04
 -2.9999999E-02  5.1186886E-04
 -2.0000000E-02  5.0450163E-04
 -9.9999998E-03  4.6518841E-04
  0.0000000E+00  4.0178516E-04
  9.9999998E-03  3.2500012E-04
  2.0000000E-02  2.4546258E-04
  2.9999999E-02  1.7255914E-04
  3.9999999E-02  1.1293856E-04
  5.0000001E-02  6.9062080E-05
  5.9999999E-02  4.0451509E-05
  7.0000000E-02  2.4789864E-05
  7.9999998E-02  1.9362729E-05
  9.0000004E-02  2.5712405E-05
  0.1000000      1.0175649E-04
  0.1100000      1.7998519E-04
  0.1200000      8.1245649E-05
  0.1300000      5.6352827E-05
  0.1400000      9.5148585E-05
  0.1500000      9.3987409E-04
  0.1600000      2.1070170E-03
  0.1700000      4.3402004E-04
  0.1800000      4.6276713E-05
  0.1900000      1.1621496E-04
  0.2000000      1.9006930E-04
  0.2100000      6.6945388E-05
  0.2200000      4.3344837E-05
  0.2300000      7.6286073E-05
  0.2400000      1.1951094E-04
  0.2500000      1.5247699E-04
  0.2600000      3.1546780E-04
  0.2700000      1.8252110E-03
  0.2800000      2.0813218E-03
  0.2900000      3.7840102E-04
  0.3000000      1.5451791E-04
  0.3100000      1.5070211E-04
  0.3200000      2.7111893E-05
  0.3300000      1.0770625E-03
  0.3400000      7.4061225E-03
  0.3500000      3.8678462E-03
  0.3600000      1.1489275E-03
  0.3700000      2.4957717E-03
  0.3800000      1.4453710E-03
  0.3900000      1.6802280E-03
  0.4000000      2.0170256E-03
  0.4100000      3.9109366E-04
  0.4200000     -9.8500575E-04
  0.4300000     -1.8851330E-03
  0.4400000      2.0154968E-02
  0.4500000      0.1276510    
  0.4600000      6.4578980E-02
  0.4700000      1.1474843E-02
  0.4800000      2.4839260E-02
  0.4900000      4.9520540E-03
  0.5000000     -7.3342249E-03
  0.5100000      0.3035192    
  0.5200000       2.037443    
  0.5300000       1.215919    
  0.5400000      5.0542139E-02
  0.5500000      1.3118050E-03
  0.5600000      7.6079890E-02
  0.5700000      0.1084518    
  0.5800000      5.9784260E-02
  0.5900000      3.2768201E-02
  0.6000000      1.5742430E-02
  0.6100000      1.0539867E-02
  0.6200000      8.1897331E-03
  0.6300000      6.9015934E-03
  0.6400000      8.0023333E-03
  0.6500000      3.0506630E-03
  0.6600000      5.2165944E-04
  0.6700000      5.1031997E-03
  0.6800000      5.7046595E-03
  0.6900000      6.5288045E-03
  0.7000000      4.0115202E-03
  0.7100000      5.6143445E-03
  0.7200000      1.5311695E-02
  0.7300000      7.8607341E-03
  0.7400000      3.7367796E-03
  0.7500000      1.4859901E-03
  0.7600000      1.0486944E-03
  0.7700000      8.8123826E-04
  0.7800000      9.0426666E-04
  0.7900000      1.1402827E-03
  0.8000000      9.3315914E-04
  0.8100000      9.2450174E-04
  0.8200000      1.4183972E-03
  0.8300000      1.3216474E-03
  0.8400000      5.8485329E-04
  0.8500000      3.3208929E-04
  0.8600000      3.6408051E-04
  0.8700000      2.0590152E-04
  0.8800000      2.2149434E-04
  0.8900000      2.6427893E-04
  0.9000000      3.7617484E-04
  0.9100000      4.7897396E-04
  0.9200000      6.2640931E-04
  0.9300000      6.9534109E-04
  0.9400000      4.7116491E-04
  0.9500000      8.5390039E-04
  0.9600000      6.6076865E-04
  0.9700000      2.9857195E-04
  0.9800000      1.5375067E-03
  0.9900000      2.1019727E-03
   1.000000      1.8224220E-03
   1.010000      3.9423043E-03
   1.020000      8.8266740E-03
   1.030000      1.1807713E-02
   1.040000      1.9669052E-02
   1.050000      2.1353733E-02
   1.060000      1.3498893E-02
   1.070000      2.1453269E-02
   1.080000      5.0848540E-02
   1.090000      4.7908220E-02
   1.100000      3.3115234E-02
   1.110000      3.7725225E-02
   1.120000      5.1651321E-02
   1.130000      4.5679208E-02
   1.140000      3.1177139E-02
   1.150000      2.9066402E-02
   1.160000      1.9058527E-02
   1.170000      1.7204054E-02
   1.180000      5.7764938E-03
   1.190000      3.9678859E-03
   1.200000      1.2355574E-02
   1.210000      2.0974955E-02
   1.220000      2.2824405E-02
   1.230000      1.8502580E-02
   1.240000      1.6369047E-02
   1.250000      1.4951700E-02
   1.260000      1.1364825E-02
   1.270000      1.0383951E-02
   1.280000      9.7932518E-03
   1.290000      5.4922239E-03
   1.300000      4.5543369E-03
   1.310000      6.9441115E-03
   1.320000      8.8179745E-03
   1.330000      1.8054392E-02
   1.340000      2.3572825E-02
   1.350000      2.2812804E-02
   1.360000      2.4275299E-02
   1.370000      2.2770530E-02
   1.380000      1.5732685E-02
   1.390000      8.2816826E-03
   1.400000      3.4174612E-03
   1.410000      1.6898690E-03
   1.420000      3.2023196E-03
   1.430000      7.2773425E-03
   1.440000      1.4167823E-02
   1.450000      2.5938721E-02
   1.460000      3.7336212E-02
   1.470000      3.4418136E-02
   1.480000      2.4371890E-02
   1.490000      1.6218323E-02
   1.500000      1.0411100E-02
   1.510000      5.3324760E-03
   1.520000      2.3996616E-03
   1.530000      3.3862307E-03
   1.540000      8.7576034E-03
   1.550000      1.8130772E-02
   1.560000      2.8436352E-02
   1.570000      3.5729457E-02
   1.580000      4.0841687E-02
   1.590000      4.4294041E-02
   1.600000      4.4420693E-02
   1.610000      4.0663823E-02
   1.620000      3.4211580E-02
   1.630000      2.6784601E-02
   1.640000      1.9823264E-02
   1.650000      1.4106151E-02
   1.660000      9.8654823E-03
   1.670000      6.9667841E-03
   1.680000      5.0882651E-03
   1.690000      3.8396455E-03
   1.700000      2.9247617E-03
   1.710000      2.2411433E-03
   1.720000      1.8442924E-03
   1.730000      1.8450255E-03
   1.740000      2.2893853E-03
   1.750000      3.0732239E-03
   1.760000      3.9344719E-03
   1.770000      4.5319148E-03
   1.780000      4.5757419E-03
   1.790000      3.9578900E-03
   1.800000      2.8271449E-03
   1.810000      1.5761821E-03
   1.820000      7.2853774E-04
   1.830000      7.5318781E-04
   1.840000      1.8798783E-03
   1.850000      3.9844373E-03
   1.860000      6.5887966E-03
   1.870000      8.9791659E-03
   1.880000      1.0425764E-02
   1.890000      1.0433489E-02
   1.900000      8.9360913E-03
   1.910000      6.3690781E-03
   1.920000      3.5635494E-03
   1.930000      1.5029112E-03
   1.940000      1.0143096E-03
   1.950000      2.4827467E-03
   1.960000      5.6813196E-03
   1.970000      9.7907707E-03
   1.980000      1.3613862E-02
   1.990000      1.5941983E-02
   2.000000      1.5962126E-02
   2.010000      1.3568623E-02
   2.020000      9.4892122E-03
   2.030000      5.1570507E-03
   2.040000      2.3724269E-03
   2.050000      2.8146850E-03
   2.060000      7.5468491E-03
   2.070000      1.6660832E-02
   2.080000      2.9158529E-02
   2.090000      4.3125689E-02
   2.100000      5.6174580E-02
   2.110000      6.5993108E-02
   2.120000      7.0876926E-02
   2.130000      7.0111111E-02
   2.140000      6.4100020E-02
   2.150000      5.4193668E-02
   2.160000      4.2323392E-02
   2.170000      3.0494303E-02
   2.180000      2.0300211E-02
   2.190000      1.2639142E-02
   2.200000      7.6292064E-03
   2.210000      4.7693076E-03
   2.220000      3.2531102E-03
   2.230000      2.3259073E-03
   2.240000      1.5461162E-03
   2.250000      8.8853657E-04
   2.260000      6.5706373E-04
   2.270000      1.2555547E-03
   2.280000      2.9166653E-03
   2.290000      5.5008163E-03
   2.300000      8.4487265E-03
   2.310000      1.0924019E-02
   2.320000      1.2094510E-02
   2.330000      1.1460647E-02
   2.340000      9.1059906E-03
   2.350000      5.7563018E-03
   2.360000      2.6104823E-03
   2.370000      9.6046587E-04
   2.380000      1.7353342E-03
   2.390000      5.1203673E-03
   2.400000      1.0389403E-02
   2.410000      1.6042963E-02
   2.420000      2.0240046E-02
   2.430000      2.1425666E-02
   2.440000      1.8948477E-02
   2.450000      1.3450061E-02
   2.460000      6.8536317E-03
   2.470000      1.9011695E-03
   2.480000      1.3247356E-03
   2.490000      6.8903575E-03
   2.500000      1.8580431E-02
   2.510000      3.4238830E-02
   2.520000      4.9856968E-02
   2.530000      6.0583968E-02
   2.540000      6.2275648E-02
   2.550000      5.3140488E-02
   2.560000      3.5147291E-02
   2.570000      1.4587667E-02
   2.580000      1.6532552E-03
   2.590000      8.9174788E-03
   2.600000      4.8832998E-02
   2.610000      0.1308164    
   2.620000      0.2585089    
   2.630000      0.4279468    
   2.640000      0.6270610    
   2.650000      0.8370619    
   2.660000       1.034933    
   2.670000       1.196836    
   2.680000       1.302367    
   2.690000       1.337802    
   2.700000       1.298648    
   2.710000       1.190408    
   2.720000       1.027563    
   2.730000      0.8309706    
   2.740000      0.6242177    
   2.750000      0.4295484    
   2.760000      0.2644194    
   2.770000      0.1394542    
   2.780000      5.7809338E-02
   2.790000      1.5719434E-02
   2.800000      4.3654507E-03
   2.810000      1.2416229E-02
   2.820000      2.8532898E-02
   2.830000      4.3552876E-02
   2.840000      5.1775254E-02
   2.850000      5.1244445E-02
   2.860000      4.3179531E-02
   2.870000      3.0812571E-02
   2.880000      1.8025806E-02
   2.890000      8.1167528E-03
   2.900000      2.9780224E-03
   2.910000      2.8205565E-03
   2.920000      6.4166659E-03
   2.930000      1.1694855E-02
   2.940000      1.6474511E-02
   2.950000      1.9099209E-02
   2.960000      1.8829724E-02
   2.970000      1.5908541E-02
   2.980000      1.1346012E-02
   2.990000      6.5165279E-03
   3.000000      2.7054455E-03
   3.010000      7.4437028E-04
   3.020000      8.2645606E-04
   3.030000      2.5354603E-03
   3.040000      5.0414521E-03
   3.050000      7.3927818E-03
   3.060000      8.8051725E-03
   3.070000      8.8709584E-03
   3.080000      7.6373979E-03
   3.090000      5.5451291E-03
   3.100000      3.2650812E-03
   3.110000      1.4861358E-03
   3.120000      7.2258222E-04
   3.130000      1.1927332E-03
   3.140000      2.7870580E-03
   3.150000      5.1329201E-03
   3.160000      7.7181910E-03
   3.170000      1.0033380E-02
   3.180000      1.1694022E-02
   3.190000      1.2516700E-02
   3.200000      1.2527978E-02
   3.210000      1.1919386E-02
   3.220000      1.0964577E-02
   3.230000      9.9302772E-03
   3.240000      9.0047643E-03
   3.250000      8.2629686E-03
   3.260000      7.6696682E-03
   3.270000      7.1180146E-03
   3.280000      6.4820847E-03
   3.290000      5.6721228E-03
   3.300000      4.6701939E-03
   3.310000      3.5413299E-03
   3.320000      2.4187984E-03
   3.330000      1.4676639E-03
   3.340000      8.3965901E-04
   3.350000      6.3117803E-04
   3.360000      8.5490203E-04
   3.370000      1.4327462E-03
   3.380000      2.2120492E-03
   3.390000      2.9999767E-03
   3.400000      3.6073169E-03
   3.410000      3.8915682E-03
   3.420000      3.7875241E-03
   3.430000      3.3198397E-03
   3.440000      2.5943913E-03
   3.450000      1.7708894E-03
   3.460000      1.0223297E-03
   3.470000      4.9375556E-04
   3.480000      2.6824840E-04
   3.490000      3.4950176E-04
   3.500000      6.6594349E-04
   3.510000      1.0935816E-03
   3.520000      1.4921877E-03
   3.530000      1.7450266E-03
   3.540000      1.7900236E-03
   3.550000      1.6351396E-03
   3.560000      1.3536648E-03
   3.570000      1.0608087E-03
   3.580000      8.7816967E-04
   3.590000      8.9662633E-04
   3.600000      1.1487784E-03
   3.610000      1.5985235E-03
   3.620000      2.1510129E-03
   3.630000      2.6789489E-03
   3.640000      3.0589174E-03
   3.650000      3.2042856E-03
   3.660000      3.0894435E-03
   3.670000      2.7536489E-03
   3.680000      2.2873066E-03
   3.690000      1.8042149E-03
   3.700000      1.4077452E-03
   3.710000      1.1628914E-03
   3.720000      1.0818932E-03
   3.730000      1.1262280E-03
   3.740000      1.2240516E-03
   3.750000      1.2964393E-03
   3.760000      1.2832774E-03
   3.770000      1.1612992E-03
   3.780000      9.4857055E-04
   3.790000      6.9438195E-04
   3.800000      4.6002390E-04
   3.810000      2.9696579E-04
   3.820000      2.2984692E-04
   3.830000      2.5069347E-04
   3.840000      3.2424717E-04
   3.850000      4.0301969E-04
   3.860000      4.4545563E-04
   3.870000      4.3053491E-04
   3.880000      3.6336621E-04
   3.890000      2.7049999E-04
   3.900000      1.8716631E-04
   3.910000      1.4191041E-04
   3.920000      1.4468582E-04
   3.930000      1.8362585E-04
   3.940000      2.3125709E-04
   3.950000      2.5801599E-04
   3.960000      2.4732697E-04
   3.970000      2.0544413E-04
   3.980000      1.6163380E-04
   3.990000      1.5724223E-04
   4.000000      2.2771690E-04
   4.010000      3.8425624E-04
   4.020000      6.0296088E-04
   4.030000      8.2736678E-04
   4.040000      9.8468037E-04
   4.050000      1.0122804E-03
   4.060000      8.8537339E-04
   4.070000      6.3427322E-04
   4.080000      3.4317741E-04
   4.090000      1.2872183E-04
   4.100000      1.0203703E-04
   4.110000      3.2663633E-04
   4.120000      7.8692852E-04
   4.130000      1.3793301E-03
   4.140000      1.9348982E-03
   4.150000      2.2688850E-03
   4.160000      2.2450814E-03
   4.170000      1.8360929E-03
   4.180000      1.1583256E-03
   4.190000      4.6593082E-04
   4.200000      1.0015713E-04
   4.210000      4.0506481E-04
   4.220000      1.6292094E-03
   4.230000      3.8422884E-03
   4.240000      6.8874164E-03
   4.250000      1.0396118E-02
   4.260000      1.3852471E-02
   4.270000      1.6704183E-02
   4.280000      1.8489756E-02
   4.290000      1.8937714E-02
   4.300000      1.8027443E-02
   4.310000      1.5980750E-02
   4.320000      1.3199695E-02
   4.330000      1.0160928E-02
   4.340000      7.3051560E-03
   4.350000      4.9434020E-03
   4.360000      3.2104002E-03
   4.370000      2.0734998E-03
   4.380000      1.3849540E-03
   4.390000      9.6030900E-04
   4.400000      6.5290439E-04
   4.410000      3.9885967E-04
   4.420000      2.2013669E-04
   4.430000      1.8783378E-04
   4.440000      3.6531265E-04
   4.450000      7.5451675E-04
   4.460000      1.2706959E-03
   4.470000      1.7590983E-03
   4.480000      2.0486850E-03
   4.490000      2.0229260E-03
   4.500000      1.6821492E-03
   4.510000      1.1636106E-03
   4.520000      7.1120332E-04
   4.530000      5.9375208E-04
   4.540000      9.9791388E-04
   4.550000      1.9354963E-03
   4.560000      3.2032870E-03
   4.570000      4.4231345E-03
   4.580000      5.1597268E-03
   4.590000      5.0857165E-03
   4.600000      4.1426751E-03
   4.610000      2.6318086E-03
   4.620000      1.1874880E-03
   4.630000      6.2194903E-04
   4.640000      1.6586425E-03
   4.650000      4.6364767E-03
   4.660000      9.2754466E-03
   4.670000      1.4609751E-02
   4.680000      1.9157046E-02
   4.690000      2.1324273E-02
   4.700000      1.9975465E-02
   4.710000      1.5034012E-02
   4.720000      7.9535479E-03
   4.730000      1.8746846E-03
   4.740000      1.3677236E-03
   4.750000      1.1731356E-02
   4.760000      3.7884045E-02
   4.770000      8.3199337E-02
   4.780000      0.1483530    
   4.790000      0.2306709    
   4.800000      0.3240029    
   4.810000      0.4192624    
   4.820000      0.5057580    
   4.830000      0.5727783    
   4.840000      0.6114224    
   4.850000      0.6162325    
   4.860000      0.5862959    
   4.870000      0.5253987    
   4.880000      0.4414168    
   4.890000      0.3449336    
   4.900000      0.2473682    
   4.910000      0.1591431    
   4.920000      8.8095717E-02
   4.930000      3.8401660E-02
   4.940000      1.0336697E-02
   4.950000      8.1352692E-04
   4.960000      4.4232146E-03
   4.970000      1.4831466E-02
   4.980000      2.6159775E-02
   4.990000      3.4067865E-02
   5.000000      3.6340032E-02
   5.010000      3.2903448E-02
   5.020000      2.5354756E-02
   5.030000      1.6187070E-02
   5.040000      7.9418886E-03
   5.050000      2.4954479E-03
   5.060000      6.5129611E-04
   5.070000      2.0724365E-03
   5.080000      5.5537988E-03
   5.090000      9.4962511E-03
   5.100000      1.2422243E-02
   5.110000      1.3389952E-02
   5.120000      1.2197731E-02
   5.130000      9.3498267E-03
   5.140000      5.8231913E-03
   5.150000      2.7143466E-03
   5.160000      8.8857062E-04
   5.170000      7.3714374E-04
   5.180000      2.0959184E-03
   5.190000      4.3418920E-03
   5.200000      6.6201119E-03
   5.210000      8.1252027E-03
   5.220000      8.3508063E-03
   5.230000      7.2323177E-03
   5.240000      5.1502637E-03
   5.250000      2.8045871E-03
   5.260000      9.9627662E-04
   5.270000      3.9300625E-04
   5.280000      1.3424017E-03
   5.290000      3.7779149E-03
   5.300000      7.2507407E-03
   5.310000      1.1060903E-02
   5.320000      1.4438796E-02
   5.330000      1.6740767E-02
   5.340000      1.7590614E-02
   5.350000      1.6944611E-02
   5.360000      1.5063932E-02
   5.370000      1.2418080E-02
   5.380000      9.5406687E-03
   5.390000      6.8982374E-03
   5.400000      4.7952598E-03
   5.410000      3.3357586E-03
   5.420000      2.4495693E-03
   5.430000      1.9576007E-03
   5.440000      1.6544658E-03
   5.450000      1.3791041E-03
   5.460000      1.0559140E-03
   5.470000      6.9784792E-04
   5.480000      3.7607696E-04
   5.490000      1.7429350E-04
   5.500000      1.4438340E-04
   5.510000      2.8079320E-04
   5.520000      5.2072929E-04
   5.530000      7.6738180E-04
   5.540000      9.2660676E-04
   5.550000      9.4243523E-04
   5.560000      8.1740617E-04
   5.570000      6.1132887E-04
   5.580000      4.1886690E-04
   5.590000      3.3441355E-04
   5.600000      4.1680367E-04
   5.610000      6.6595862E-04
   5.620000      1.0206748E-03
   5.630000      1.3771327E-03
   5.640000      1.6228645E-03
   5.650000      1.6746465E-03
   5.660000      1.5072784E-03
   5.670000      1.1645203E-03
   5.680000      7.4721884E-04
   5.690000      3.8222299E-04
   5.700000      1.8261555E-04
   5.710000      2.1190118E-04
   5.720000      4.6281301E-04
   5.730000      8.5749850E-04
   5.740000      1.2708299E-03
   5.750000      1.5685331E-03
   5.760000      1.6503794E-03
   5.770000      1.4843519E-03
   5.780000      1.1217130E-03
   5.790000      6.8921444E-04
   5.800000      3.5845517E-04
   5.810000      3.0278723E-04
   5.820000      6.5162516E-04
   5.830000      1.4543791E-03
   5.840000      2.6652191E-03
   5.850000      4.1498090E-03
   5.860000      5.7114139E-03
   5.870000      7.1340706E-03
   5.880000      8.2249334E-03
   5.890000      8.8503566E-03
   5.900000      8.9570452E-03
   5.910000      8.5737761E-03
   5.920000      7.7950526E-03
   5.930000      6.7564445E-03
   5.940000      5.6028571E-03
   5.950000      4.4623697E-03
   5.960000      3.4289258E-03
   5.970000      2.5551049E-03
   5.980000      1.8552161E-03
   5.990000      1.3169629E-03
   6.000000      9.1325899E-04
   6.010000      6.1443727E-04
   6.020000      3.9580176E-04
   6.030000      2.4043175E-04
   6.040000      1.3779107E-04
   6.050000      8.0047175E-05
   6.060000      5.9013040E-05
   6.070000      6.4240747E-05
   6.080000      8.3571838E-05
   6.090000      1.0528408E-04
   6.100000      1.2067750E-04
   6.110000      1.2592025E-04
   6.120000      1.2230230E-04
   6.130000      1.1475011E-04
   6.140000      1.0918496E-04
   6.150000      1.0979082E-04
   6.160000      1.1724012E-04
   6.170000      1.2859095E-04
   6.180000      1.3875937E-04
   6.190000      1.4308600E-04
   6.200000      1.3981074E-04
   6.210000      1.3148965E-04
   6.220000      1.2465543E-04
   6.230000      1.2763757E-04
   6.240000      1.4725039E-04
   6.250000      1.8554118E-04
   6.260000      2.3768756E-04
   6.270000      2.9216154E-04
   6.280000      3.3341872E-04
   6.290000      3.4647877E-04
   6.300000      3.2242990E-04
   6.310000      2.6294915E-04
   6.320000      1.8245920E-04
   6.330000      1.0733143E-04
   6.340000      7.1248149E-05
   6.350000      1.0824093E-04
   6.360000      2.4444575E-04
   6.370000      4.9061299E-04
   6.380000      8.3801162E-04
   6.390000      1.2574885E-03
   6.400000      1.7034501E-03
   6.410000      2.1215721E-03
   6.420000      2.4581894E-03
   6.430000      2.6698830E-03
   6.440000      2.7311884E-03
   6.450000      2.6388939E-03
   6.460000      2.4112852E-03
   6.470000      2.0841546E-03
   6.480000      1.7028162E-03
   6.490000      1.3132958E-03
   6.500000      9.5480500E-04
   6.510000      6.5369176E-04
   6.520000      4.2187652E-04
   6.530000      2.5803276E-04
   6.540000      1.5148908E-04
   6.550000      8.7632245E-05
   6.560000      5.2583146E-05
   6.570000      3.6380341E-05
   6.580000      3.3849723E-05
   6.590000      4.3352953E-05
   6.600000      6.4255553E-05
   6.610000      9.4351897E-05
   6.620000      1.2842981E-04
   6.630000      1.5863361E-04
   6.640000      1.7651416E-04
   6.650000      1.7617110E-04
   6.660000      1.5698833E-04
   6.670000      1.2493473E-04
   6.680000      9.1495494E-05
   6.690000      7.0252820E-05
   6.700000      7.2152063E-05
   6.710000      1.0099734E-04
   6.720000      1.5108286E-04
   6.730000      2.0813239E-04
   6.740000      2.5368700E-04
   6.750000      2.7202634E-04
   6.760000      2.5717806E-04
   6.770000      2.1753758E-04
   6.780000      1.7521692E-04
   6.790000      1.6002562E-04
   6.800000      1.9842495E-04
   6.810000      3.0119950E-04
   6.820000      4.5417334E-04
   6.830000      6.1636139E-04
   6.840000      7.2907971E-04
   6.850000      7.3593186E-04
   6.860000      6.1087823E-04
   6.870000      3.8673982E-04
   6.880000      1.7558629E-04
   6.890000      1.7201768E-04
   6.900000      6.3501019E-04
   6.910000      1.8449272E-03
   6.920000      4.0424652E-03
   6.930000      7.3618582E-03
   6.940000      1.1772566E-02
   6.950000      1.7042825E-02
   6.960000      2.2741713E-02
   6.970000      2.8287694E-02
   6.980000      3.3024594E-02
   6.990000      3.6331624E-02
   7.000000      3.7734151E-02
   7.010000      3.6994405E-02
   7.020000      3.4162443E-02
   7.030000      2.9581532E-02
   7.040000      2.3832764E-02
   7.050000      1.7637260E-02
   7.060000      1.1735334E-02
   7.070000      6.7593870E-03
   7.080000      3.1295754E-03
   7.090000      9.9720049E-04
   7.100000      2.5019268E-04
   7.110000      5.6351419E-04
   7.120000      1.4885651E-03
   7.130000      2.5597641E-03
   7.140000      3.3917837E-03
   7.150000      3.7492735E-03
   7.160000      3.5730100E-03
   7.170000      2.9640526E-03
   7.180000      2.1291429E-03
   7.190000      1.3088059E-03
   7.200000      7.0710311E-04
   7.210000      4.3937421E-04
   7.220000      5.1083131E-04
   7.230000      8.2779222E-04
   7.240000      1.2358211E-03
   7.250000      1.5709919E-03
   7.260000      1.7096740E-03
   7.270000      1.6019531E-03
   7.280000      1.2811132E-03
   7.290000      8.4758818E-04
   7.300000      4.3385336E-04
   7.310000      1.6250966E-04
   7.320000      1.0887154E-04
   7.330000      2.7979800E-04
   7.340000      6.1428733E-04
   7.350000      1.0034383E-03
   7.360000      1.3248678E-03
   7.370000      1.4802793E-03
   7.380000      1.4243663E-03
   7.390000      1.1786018E-03
   7.400000      8.2504691E-04
   7.410000      4.8280330E-04
   7.420000      2.7563062E-04
   7.430000      2.9836298E-04
   7.440000      5.9291808E-04
   7.450000      1.1389167E-03
   7.460000      1.8608310E-03
   7.470000      2.6491049E-03
   7.480000      3.3883976E-03
   7.490000      3.9847079E-03
   7.500000      4.3824874E-03
   7.510000      4.5698439E-03
   7.520000      4.5713731E-03
   7.530000      4.4325208E-03
   7.540000      4.2013251E-03
   7.550000      3.9119935E-03
   7.560000      3.5787704E-03
   7.570000      3.1984353E-03
   7.580000      2.7611293E-03
   7.590000      2.2644114E-03
   7.600000      1.7246776E-03
   7.610000      1.1814034E-03
   7.620000      6.9226493E-04
   7.630000      3.1995459E-04
   7.640000      1.1397028E-04
   7.650000      9.4650815E-05
   7.660000      2.4401574E-04
   7.670000      5.0649024E-04
   7.680000      8.0118672E-04
   7.690000      1.0423508E-03
   7.700000      1.1617664E-03
   7.710000      1.1270741E-03
   7.720000      9.5034979E-04
   7.730000      6.8408321E-04
   7.740000      4.0583560E-04
   7.750000      1.9537887E-04
   7.760000      1.1151218E-04
   7.770000      1.7484260E-04
   7.780000      3.6173838E-04
   7.790000      6.1165221E-04
   7.800000      8.4561633E-04
   7.810000      9.9004142E-04
   7.820000      9.9922204E-04
   7.830000      8.6976122E-04
   7.840000      6.4191222E-04
   7.850000      3.8846926E-04
   7.860000      1.9294271E-04
   7.870000      1.2423805E-04
   7.880000      2.1536746E-04
   7.890000      4.5178851E-04
   7.900000      7.7418413E-04
   7.910000      1.0944193E-03
   7.920000      1.3202535E-03
   7.930000      1.3829017E-03
   7.940000      1.2583691E-03
   7.950000      9.7681733E-04
   7.960000      6.1743770E-04
   7.970000      2.8935989E-04
   7.980000      1.0377082E-04
   7.990000      1.4497970E-04
   8.000000      4.4771848E-04
   8.010000      9.8538178E-04
   8.020000      1.6767973E-03
   8.030000      2.4034842E-03
   8.040000      3.0366844E-03
   8.050000      3.4664150E-03
   8.060000      3.6240160E-03
   8.070000      3.4948071E-03
   8.080000      3.1171632E-03
   8.090000      2.5696971E-03
   8.100000      1.9501138E-03
   8.110000      1.3525046E-03
   8.120000      8.4843254E-04
   8.130000      4.7661818E-04
   8.140000      2.4159440E-04
   8.150000      1.2085293E-04
   8.160000      7.7320030E-05
   8.170000      7.2628318E-05
   8.180000      7.7126126E-05
   8.190000      7.4763069E-05
   8.200000      6.2479114E-05
   8.210000      4.5509158E-05
   8.220000      3.1241911E-05
   8.230000      2.4202565E-05
   8.240000      2.3984812E-05
   8.250000      2.6336427E-05
   8.260000      2.6442302E-05
   8.270000      2.2544182E-05
   8.280000      1.7911387E-05
   8.290000      2.0123347E-05
   8.300000      3.7694757E-05
   8.310000      7.5497155E-05
   8.320000      1.3090255E-04
   8.330000      1.9264310E-04
   8.340000      2.4342237E-04
   8.350000      2.6561474E-04
   8.360000      2.4848143E-04
   8.370000      1.9403054E-04
   8.380000      1.1902583E-04
   8.390000      5.1657633E-05
   8.400000      2.3073158E-05
   8.410000      5.6212135E-05
   8.420000      1.5579109E-04
   8.430000      3.0304905E-04
   8.440000      4.5820622E-04
   8.450000      5.7105965E-04
   8.460000      5.9752067E-04
   8.470000      5.1809219E-04
   8.480000      3.5169869E-04
   8.490000      1.6018518E-04
   8.500000      4.0423281E-05
   8.510000      1.0415757E-04
   8.520000      4.5001443E-04
   8.530000      1.1343398E-03
   8.540000      2.1487835E-03
   8.550000      3.4116355E-03
   8.560000      4.7776201E-03
   8.570000      6.0613025E-03
   8.580000      7.0731402E-03
   8.590000      7.6598586E-03
   8.600000      7.7352063E-03
   8.610000      7.2982763E-03
   8.620000      6.4319060E-03
   8.630000      5.2820030E-03
   8.640000      4.0242253E-03
   8.650000      2.8271289E-03
   8.660000      1.8195192E-03
   8.670000      1.0712733E-03
   8.680000      5.8990647E-04
   8.690000      3.3195398E-04
   8.700000      2.2518571E-04
   8.710000      1.9426248E-04
   8.720000      1.8133003E-04
   8.730000      1.5690910E-04
   8.740000      1.1922015E-04
   8.750000      8.4328189E-05
   8.760000      7.1695882E-05
   8.770000      9.1541464E-05
   8.780000      1.3860183E-04
   8.790000      1.9420531E-04
   8.800000      2.3513500E-04
   8.810000      2.4525324E-04
   8.820000      2.2418689E-04
   8.830000      1.8932753E-04
   8.840000      1.6921000E-04
   8.850000      1.9063472E-04
   8.860000      2.6469826E-04
   8.870000      3.7789484E-04
   8.880000      4.9322116E-04
   8.890000      5.6283071E-04
   8.900000      5.4886477E-04
   8.910000      4.4552027E-04
   8.920000      2.9274353E-04
   8.930000      1.7343866E-04
   8.940000      1.9153343E-04
   8.950000      4.3437883E-04
   8.960000      9.3034550E-04
   8.970000      1.6168721E-03
   8.980000      2.3345340E-03
   8.990000      2.8588206E-03
   9.000000      2.9685872E-03
   9.010000      2.5416776E-03
   9.020000      1.6535565E-03
   9.030000      6.4711837E-04
   9.040000      1.4906665E-04
   9.050000      1.0121253E-03
   9.060000      4.1769738E-03
   9.070000      1.0479013E-02
   9.080000      2.0423012E-02
   9.090000      3.3989124E-02
   9.100000      5.0522286E-02
   9.110000      6.8720207E-02
   9.120000      8.6764015E-02
   9.130000      0.1025829    
   9.140000      0.1141766    
   9.150000      0.1199487    
   9.160000      0.1190246    
   9.170000      0.1114140    
   9.180000      9.8038867E-02
   9.190000      8.0587663E-02
   9.200000      6.1241299E-02
   9.210000      4.2280566E-02
   9.220000      2.5728146E-02
   9.230000      1.3021501E-02
   9.240000      4.8029553E-03
   9.250000      9.1881817E-04
   9.260000      5.4049748E-04
   9.270000      2.4122146E-03
   9.280000      5.1607061E-03
   9.290000      7.5851707E-03
   9.300000      8.8788271E-03
   9.310000      8.7324670E-03
   9.320000      7.3150378E-03
   9.330000      5.1377672E-03
   9.340000      2.8622241E-03
   9.350000      1.0931699E-03
   9.360000      2.1996741E-04
   9.370000      3.3218670E-04
   9.380000      1.2271296E-03
   9.390000      2.5005788E-03
   9.400000      3.6825622E-03
   9.410000      4.3785111E-03
   9.420000      4.3803025E-03
   9.430000      3.7111170E-03
   9.440000      2.6036729E-03
   9.450000      1.4171818E-03
   9.460000      5.2181521E-04
   9.470000      1.8666718E-04
   9.480000      5.0382217E-04
   9.490000      1.3638111E-03
   9.500000      2.4921820E-03
   9.510000      3.5333724E-03
   9.520000      4.1575618E-03
   9.530000      4.1590338E-03
   9.540000      3.5212189E-03
   9.550000      2.4281971E-03
   9.560000      1.2232920E-03
   9.570000      3.2357540E-04
   9.580000      1.1718687E-04
   9.590000      8.6551026E-04
   9.600000      2.6363118E-03
   9.610000      5.2828882E-03
   9.620000      8.4714405E-03
   9.630000      1.1750700E-02
   9.640000      1.4648139E-02
   9.650000      1.6759984E-02
   9.660000      1.7821178E-02
   9.670000      1.7745815E-02
   9.680000      1.6623382E-02
   9.690000      1.4684977E-02
   9.700000      1.2245960E-02
   9.710000      9.6382778E-03
   9.720000      7.1517676E-03
   9.730000      4.9966108E-03
   9.740000      3.2846129E-03
   9.750000      2.0341098E-03
   9.760000      1.1948548E-03
   9.770000      6.7733321E-04
   9.780000      3.8170899E-04
   9.790000      2.2094585E-04
   9.800000      1.3267042E-04
   9.810000      8.1082813E-05
   9.820000      5.1713465E-05
   9.830000      4.2476389E-05
   9.840000      5.5104607E-05
   9.850000      8.9140223E-05
   9.860000      1.3960595E-04
   9.870000      1.9764472E-04
   9.880000      2.5288743E-04
   9.890000      2.9605639E-04
   9.900000      3.2072558E-04
   9.910000      3.2394007E-04
   9.920000      3.0601971E-04
   9.930000      2.6991934E-04
   9.940000      2.2074203E-04
   9.950000      1.6561261E-04
   9.960000      1.1346329E-04
   9.970000      7.4494419E-05
   9.980000      5.8804348E-05
   9.990000      7.4051779E-05
   10.00000      1.2268429E-04
   10.01000      1.9960498E-04
   10.02000      2.9229483E-04
   10.03000      3.8065133E-04
   10.04000      4.4213250E-04
   10.05000      4.5797633E-04
   10.06000      4.1867781E-04
   10.07000      3.2948246E-04
   10.08000      2.1173136E-04
   10.09000      1.0254906E-04
   10.10000      4.8405112E-05
   10.11000      9.4514078E-05
   10.12000      2.7762938E-04
   10.13000      6.1519467E-04
   10.14000      1.0978016E-03
   10.15000      1.6933620E-03
   10.16000      2.3489438E-03
   10.17000      2.9994803E-03
   10.18000      3.5792072E-03
   10.19000      4.0265154E-03
   10.20000      4.2999485E-03
   10.21000      4.3835896E-03
   10.22000      4.2820950E-03
   10.23000      4.0197666E-03
   10.24000      3.6377560E-03
   10.25000      3.1798165E-03
   10.26000      2.6867907E-03
   10.27000      2.1985949E-03
   10.28000      1.7447971E-03
   10.29000      1.3402618E-03
   10.30000      9.9342095E-04
   10.31000      7.0680614E-04
   10.32000      4.7722270E-04
   10.33000      3.0049784E-04
   10.34000      1.7166004E-04
   10.35000      8.4323714E-05
   10.36000      3.2630131E-05
   10.37000      1.0813483E-05
   10.38000      1.2095712E-05
   10.39000      2.9341971E-05
   10.40000      5.5206889E-05
   10.41000      8.2623817E-05
   10.42000      1.0555228E-04
   10.43000      1.1925655E-04
   10.44000      1.2111405E-04
   10.45000      1.1088725E-04
   10.46000      9.0516063E-05
   10.47000      6.4159496E-05
   10.48000      3.7305435E-05
   10.49000      1.5723039E-05
   10.50000      4.5860484E-06
   10.51000      7.3583624E-06
   10.52000      2.5000516E-05
   10.53000      5.5339213E-05
   10.54000      9.3210925E-05
   10.55000      1.3181882E-04
   10.56000      1.6362107E-04
   10.57000      1.8166784E-04
   10.58000      1.8167209E-04
   10.59000      1.6294762E-04
   10.60000      1.2873540E-04
   10.61000      8.6094420E-05
   10.62000      4.4690045E-05
   10.63000      1.5758478E-05
   10.64000      1.0326595E-05
   10.65000      3.7737609E-05
   10.66000      1.0479092E-04
   10.67000      2.1445549E-04
   10.68000      3.6621635E-04
   10.69000      5.5642379E-04
   10.70000      7.7705918E-04
   10.71000      1.0172090E-03
   10.72000      1.2641241E-03
   10.73000      1.5008717E-03
   10.74000      1.7091554E-03
   10.75000      1.8733072E-03
   10.76000      1.9795934E-03
   10.77000      2.0172775E-03
   10.78000      1.9823557E-03
   10.79000      1.8776481E-03
   10.80000      1.7123830E-03
   10.81000      1.5009564E-03
   10.82000      1.2607160E-03
   10.83000      1.0117292E-03
   10.84000      7.7248708E-04
   10.85000      5.5591023E-04
   10.86000      3.7156767E-04
   10.87000      2.2617725E-04
   10.88000      1.2130340E-04
   10.89000      5.4759672E-05
   10.90000      2.2842829E-05
   10.91000      2.0319290E-05
   10.92000      4.0511080E-05
   10.93000      7.5455653E-05
   10.94000      1.1612276E-04
   10.95000      1.5345083E-04
   10.96000      1.7925863E-04
   10.97000      1.8758581E-04
   10.98000      1.7638358E-04
   10.99000      1.4802803E-04
   11.00000      1.0908486E-04
   11.01000      6.8724206E-05
   11.02000      3.6353729E-05
   11.03000      1.9623916E-05
   11.04000      2.1964781E-05
   11.05000      4.1977146E-05
   11.06000      7.4941920E-05
   11.07000      1.1423956E-04
   11.08000      1.5431894E-04
   11.09000      1.9279249E-04
   11.10000      2.3018740E-04
   11.11000      2.6794255E-04
   11.12000      3.0583804E-04
   11.13000      3.3859737E-04
   11.14000      3.5481990E-04
   11.15000      3.3993606E-04
   11.16000      2.8364826E-04
   11.17000      1.9212844E-04
   11.18000      1.0077730E-04
   11.19000      8.3672683E-05
   11.20000      2.5742271E-04
   11.21000      7.7056995E-04
   11.22000      1.7798882E-03
   11.23000      3.4226363E-03
   11.24000      5.7740505E-03
   11.25000      8.8099493E-03
   11.26000      1.2391807E-02
   11.27000      1.6242871E-02
   11.28000      1.9977085E-02
   11.29000      2.3177974E-02
   11.30000      2.5435535E-02
   11.31000      2.6408754E-02
   11.32000      2.5920643E-02
   11.33000      2.3985242E-02
   11.34000      2.0821966E-02
   11.35000      1.6821537E-02
   11.36000      1.2466036E-02
   11.37000      8.2861194E-03
   11.38000      4.7570379E-03
   11.39000      2.1790662E-03
   11.40000      6.6731829E-04
   11.41000      1.6187735E-04
   11.42000      4.2926896E-04
   11.43000      1.1368521E-03
   11.44000      1.9362614E-03
   11.45000      2.5380787E-03
   11.46000      2.7641240E-03
   11.47000      2.5716922E-03
   11.48000      2.0505926E-03
   11.49000      1.3707124E-03
   11.50000      7.2781928E-04
   11.51000      2.9378670E-04
   11.52000      1.5893165E-04
   11.53000      3.1734412E-04
   11.54000      6.7972805E-04
   11.55000      1.1033387E-03
   11.56000      1.4392302E-03
   11.57000      1.5752341E-03
   11.58000      1.4712677E-03
   11.59000      1.1667883E-03
   11.60000      7.6349283E-04
   11.61000      3.9655055E-04
   11.62000      1.8814173E-04
   11.63000      2.0903836E-04
   11.64000      4.5864511E-04
   11.65000      8.6270145E-04
   11.66000      1.2979626E-03
   11.67000      1.6241963E-03
   11.68000      1.7305566E-03
   11.69000      1.5746265E-03
   11.70000      1.1941177E-03
   11.71000      7.0747809E-04
   11.72000      2.8744611E-04
   11.73000      1.1417098E-04
   11.74000      3.3170328E-04
   11.75000      1.0110292E-03
   11.76000      2.1301552E-03
   11.77000      3.5644604E-03
   11.78000      5.1131337E-03
   11.79000      6.5573482E-03
   11.80000      7.6883445E-03
   11.81000      8.3417417E-03
   11.82000      8.4433705E-03
   11.83000      8.0114016E-03
   11.84000      7.1413405E-03
   11.85000      5.9840567E-03
   11.86000      4.7086505E-03
   11.87000      3.4755194E-03
   11.88000      2.4060686E-03
   11.89000      1.5639535E-03
   11.90000      9.6200628E-04
   11.91000      5.7485304E-04
   11.92000      3.5080360E-04
   11.93000      2.3159978E-04
   11.94000      1.6765196E-04
   11.95000      1.2550986E-04
   11.96000      8.8885332E-05
   11.97000      5.5474731E-05
   11.98000      2.9601022E-05
   11.99000      1.6221114E-05
   12.00000      1.7099685E-05
   12.01000      2.9717141E-05
   12.02000      4.8467329E-05
   12.03000      6.7752218E-05
   12.04000      8.4041298E-05
   12.05000      9.6766940E-05
   12.06000      1.0787883E-04
   12.07000      1.1975422E-04
   12.08000      1.3312986E-04
   12.09000      1.4607963E-04
   12.10000      1.5428344E-04
   12.11000      1.5296318E-04
   12.12000      1.3965569E-04
   12.13000      1.1625261E-04
   12.14000      8.9832552E-05
   12.15000      7.1435898E-05
   12.16000      7.2294366E-05
   12.17000      9.9725592E-05
   12.18000      1.5354186E-04
   12.19000      2.2435928E-04
   12.20000      2.9479383E-04
   12.21000      3.4374223E-04
   12.22000      3.5363407E-04
   12.23000      3.1666140E-04
   12.24000      2.3976466E-04
   12.25000      1.4697306E-04
   12.26000      7.5062861E-05
   12.27000      6.6790046E-05
   12.28000      1.6129597E-04
   12.29000      3.8408785E-04
   12.30000      7.4037426E-04
   12.31000      1.2075815E-03
   12.32000      1.7407287E-03
   12.33000      2.2828572E-03
   12.34000      2.7692385E-03
   12.35000      3.1392802E-03
   12.36000      3.3521918E-03
   12.37000      3.3900780E-03
   12.38000      3.2592127E-03
   12.39000      2.9864968E-03
   12.40000      2.6128299E-03
   12.41000      2.1883168E-03
   12.42000      1.7579444E-03
   12.43000      1.3543476E-03
   12.44000      1.0017600E-03
   12.45000      7.1278127E-04
   12.46000      4.8679768E-04
   12.47000      3.1674528E-04
   12.48000      1.9389106E-04
   12.49000      1.0895764E-04
   12.50000      5.4437340E-05
   12.51000      2.4658360E-05
   12.52000      1.4657011E-05
   12.53000      1.9711653E-05
   12.54000      3.4631339E-05
   12.55000      5.3565767E-05
   12.56000      7.0900453E-05
   12.57000      8.2072082E-05
   12.58000      8.4430103E-05
   12.59000      7.7788827E-05
   12.60000      6.4224121E-05
   12.61000      4.7495512E-05
   12.62000      3.1713222E-05
   12.63000      2.0316887E-05
   12.64000      1.5509173E-05
   12.65000      1.7851016E-05
   12.66000      2.6532298E-05
   12.67000      3.9889102E-05
   12.68000      5.5994024E-05
   12.69000      7.3128940E-05
   12.70000      8.9752524E-05
   12.71000      1.0433626E-04
   12.72000      1.1519916E-04
   12.73000      1.2053597E-04
   12.74000      1.1857547E-04
   12.75000      1.0817713E-04
   12.76000      8.9807094E-05
   12.77000      6.6265049E-05
   12.78000      4.3057884E-05
   12.79000      2.8073056E-05
   12.80000      3.0436819E-05
   12.81000      5.8760808E-05
   12.82000      1.1919905E-04
   12.83000      2.1371504E-04
   12.84000      3.3844134E-04
   12.85000      4.8413084E-04
   12.86000      6.3781190E-04
   12.87000      7.8424101E-04
   12.88000      9.0799434E-04
   12.89000      9.9645404E-04
   12.90000      1.0427063E-03
   12.91000      1.0448502E-03
   12.92000      1.0061719E-03
   12.93000      9.3395443E-04
   12.94000      8.3768769E-04
   12.95000      7.2788092E-04
   12.96000      6.1352708E-04
   12.97000      5.0114299E-04
   12.98000      3.9577793E-04
   12.99000      3.0084647E-04
   13.00000      2.1794376E-04
   13.01000      1.4808333E-04
   13.02000      9.2202004E-05
   13.03000      5.0752558E-05
   13.04000      2.3953966E-05
   13.05000      1.1296437E-05
   13.06000      1.0848084E-05
   13.07000      1.9622496E-05
   13.08000      3.3733482E-05
   13.09000      4.8833412E-05
   13.10000      6.1106744E-05
   13.11000      6.7810317E-05
   13.12000      6.7681794E-05
   13.13000      6.1049745E-05
   13.14000      4.9677208E-05
   13.15000      3.6274138E-05
   13.16000      2.3607594E-05
   13.17000      1.4097174E-05
   13.18000      9.3873023E-06
   13.19000      1.0035388E-05
   13.20000      1.5673881E-05
   13.21000      2.5151136E-05
   13.22000      3.6866957E-05
   13.23000      4.9111248E-05
   13.24000      6.0240571E-05
   13.25000      6.8772832E-05
   13.26000      7.3433985E-05
   13.27000      7.3385498E-05
   13.28000      6.8228343E-05
   13.29000      5.8143014E-05
   13.30000      4.4269105E-05
   13.31000      2.8908858E-05
   13.32000      1.5754744E-05
   13.33000      9.8778164E-06
   13.34000      1.7725346E-05
   13.35000      4.6394580E-05
   13.36000      1.0271165E-04
   13.37000      1.9294176E-04
   13.38000      3.2071848E-04
   13.39000      4.8512581E-04
   13.40000      6.8123173E-04
   13.41000      8.9925085E-04
   13.42000      1.1244458E-03
   13.43000      1.3379905E-03
   13.44000      1.5186287E-03
   13.45000      1.6459277E-03
   13.46000      1.7034335E-03
   13.47000      1.6809984E-03
   13.48000      1.5775557E-03
   13.49000      1.4020936E-03
   13.50000      1.1723514E-03
   13.51000      9.1302878E-04
   13.52000      6.5251876E-04
   13.53000      4.1791119E-04
   13.54000      2.3066079E-04
   13.55000      1.0452776E-04
   13.56000      4.2294505E-05
   13.57000      3.5746263E-05
   13.58000      6.9127374E-05
   13.59000      1.2239923E-04
   13.60000      1.7524279E-04
   13.61000      2.1162476E-04
   13.62000      2.2261433E-04
   13.63000      2.0727141E-04
   13.64000      1.7159799E-04
   13.65000      1.2651867E-04
   13.66000      8.4219515E-05
   13.67000      5.4297398E-05
   13.68000      4.2181524E-05
   13.69000      4.7739577E-05
   13.70000      6.5511958E-05
   13.71000      8.7370317E-05
   13.72000      1.0497328E-04
   13.73000      1.1211302E-04
   13.74000      1.0666786E-04
   13.75000      9.1078371E-05
   13.76000      7.0962153E-05
   13.77000      5.3281881E-05
   13.78000      4.4027038E-05
   13.79000      4.6425448E-05
   13.80000      5.9429760E-05
   13.81000      7.8317207E-05
   13.82000      9.6475414E-05
   13.83000      1.0720124E-04
   13.84000      1.0624006E-04
   13.85000      9.3403731E-05
   13.86000      7.2936251E-05
   13.87000      5.2937077E-05
   13.88000      4.3278495E-05
   13.89000      5.3387728E-05
   13.90000      8.9572080E-05
   13.91000      1.5311658E-04
   13.92000      2.4066283E-04
   13.93000      3.4476802E-04
   13.94000      4.5446365E-04
   13.95000      5.5823155E-04
   13.96000      6.4679806E-04
   13.97000      7.1338133E-04
   13.98000      7.5410254E-04
   13.99000      7.6880970E-04
   14.00000      7.5989449E-04
   14.01000      7.3039415E-04
   14.02000      6.8309723E-04
   14.03000      6.2043546E-04
   14.04000      5.4519786E-04
   14.05000      4.6048427E-04
   14.06000      3.6968265E-04
   14.07000      2.7803506E-04
   14.08000      1.9229329E-04
   14.09000      1.1884868E-04
   14.10000      6.3235340E-05
   14.11000      2.9305558E-05
   14.12000      1.7497923E-05
   14.13000      2.4462526E-05
   14.14000      4.3962809E-05
   14.15000      6.8013142E-05
   14.16000      8.8665103E-05
   14.17000      9.9811106E-05
   14.18000      9.8491480E-05
   14.19000      8.5470871E-05
   14.20000      6.4688516E-05
   14.21000      4.2028849E-05
   14.22000      2.3653518E-05
   14.23000      1.4129478E-05
   14.24000      1.5301779E-05
   14.25000      2.5912736E-05
   14.26000      4.2142095E-05
   14.27000      5.8846646E-05
   14.28000      7.0879418E-05
   14.29000      7.4811607E-05
   14.30000      6.9797774E-05
   14.31000      5.7442961E-05
   14.32000      4.1520500E-05
   14.33000      2.6625285E-05
   14.34000      1.6706990E-05
   14.35000      1.4140594E-05
   14.36000      1.9110526E-05
   14.37000      2.9746328E-05
   14.38000      4.2655662E-05
   14.39000      5.4221175E-05
   14.40000      6.1758314E-05
   14.41000      6.3912572E-05
   14.42000      6.1273611E-05
   14.43000      5.6039516E-05
   14.44000      5.0896011E-05
   14.45000      4.8398706E-05
   14.46000      4.9989179E-05
   14.47000      5.5634660E-05
   14.48000      6.3955602E-05
   14.49000      7.2426570E-05
   14.50000      7.8571429E-05
   14.51000      8.0755970E-05
   14.52000      7.8515121E-05
   14.53000      7.2896029E-05
   14.54000      6.6128370E-05
   14.55000      6.0815313E-05
   14.56000      5.9147842E-05
   14.57000      6.2206622E-05
   14.58000      6.9492497E-05
   14.59000      7.9045036E-05
   14.60000      8.8096145E-05
   14.61000      9.3613860E-05
   14.62000      9.3242626E-05
   14.63000      8.6113498E-05
   14.64000      7.2997536E-05
   14.65000      5.5996210E-05
   14.66000      3.8199814E-05
   14.67000      2.2758049E-05
   14.68000      1.2038538E-05
   14.69000      7.1485642E-06
   14.70000      7.7295917E-06
   14.71000      1.2209415E-05
   14.72000      1.8228462E-05
   14.73000      2.3420442E-05
   14.74000      2.6049829E-05
   14.75000      2.5340179E-05
   14.76000      2.1695645E-05
   14.77000      1.6417498E-05
   14.78000      1.1186635E-05
   14.79000      7.5991238E-06
   14.80000      6.6863981E-06
   14.81000      8.6784939E-06
   14.82000      1.2940613E-05
   14.83000      1.8280940E-05
   14.84000      2.3334804E-05
   14.85000      2.6857584E-05
   14.86000      2.8132214E-05
   14.87000      2.7028191E-05
   14.88000      2.3898256E-05
   14.89000      1.9487199E-05
   14.90000      1.4616897E-05
   14.91000      1.0069393E-05
   14.92000      6.4522778E-06
   14.93000      4.2556790E-06
   14.94000      4.0509876E-06
   14.95000      6.4370724E-06
   14.96000      1.2246033E-05
   14.97000      2.2319155E-05
   14.98000      3.7217185E-05
   14.99000      5.7085730E-05
   15.00000      8.1380662E-05
   15.01000      1.0849579E-04
   15.02000      1.3598480E-04
   15.03000      1.6116721E-04
   15.04000      1.8129883E-04
   15.05000      1.9407801E-04
   15.06000      1.9856764E-04
   15.07000      1.9522443E-04
   15.08000      1.8568106E-04
   15.09000      1.7251020E-04
   15.10000      1.5845115E-04
   15.11000      1.4596256E-04
   15.12000      1.3621942E-04
   15.13000      1.2901064E-04
   15.14000      1.2326593E-04
   15.15000      1.1705598E-04
   15.16000      1.0823552E-04
   15.17000      9.5615040E-05
   15.18000      7.9178346E-05
   15.19000      6.0309249E-05
   15.20000      4.1376989E-05
   15.21000      2.5302947E-05
   15.22000      1.4778047E-05
   15.23000      1.1122128E-05
   15.24000      1.4169419E-05
   15.25000      2.2212480E-05
   15.26000      3.2248845E-05
   15.27000      4.1007086E-05
   15.28000      4.5742505E-05
   15.29000      4.4988952E-05
   15.30000      3.8936269E-05
   15.31000      2.9349645E-05
   15.32000      1.9074310E-05
   15.33000      1.0937083E-05
   15.34000      7.1076470E-06
   15.35000      8.4791791E-06
   15.36000      1.4275475E-05
   15.37000      2.2576547E-05
   15.38000      3.0927851E-05
   15.39000      3.7103749E-05
   15.40000      3.9799561E-05
   15.41000      3.8928745E-05
   15.42000      3.5511308E-05
   15.43000      3.1008301E-05
   15.44000      2.6663138E-05
   15.45000      2.3048982E-05
   15.46000      1.9989004E-05
   15.47000      1.7003771E-05
   15.48000      1.4779357E-05
   15.49000      1.5969646E-05
   15.50000      2.6425641E-05
   15.51000      5.5426495E-05
   15.52000      1.1441985E-04
   15.53000      2.1512012E-04
   15.54000      3.6650494E-04
   15.55000      5.7073537E-04
   15.56000      8.2020607E-04
   15.57000      1.0982485E-03
   15.58000      1.3787677E-03
   15.59000      1.6282178E-03
   15.60000      1.8129775E-03
   15.61000      1.9056886E-03
   15.62000      1.8892690E-03
   15.63000      1.7619864E-03
   15.64000      1.5383251E-03
   15.65000      1.2481574E-03
   15.66000      9.3179580E-04
   15.67000      6.2905037E-04
   15.68000      3.7580635E-04
   15.69000      1.9794275E-04
   15.70000      1.0353192E-04
   15.71000      8.4150131E-05
   15.72000      1.1932477E-04
   15.73000      1.8059774E-04
   15.74000      2.3919900E-04
   15.75000      2.7229323E-04
   15.76000      2.6852463E-04
   15.77000      2.2894396E-04
   15.78000      1.6528051E-04
   15.79000      9.6562777E-05
   15.80000      4.2196298E-05
   15.81000      1.6413471E-05
   15.82000      2.4922323E-05
   15.83000      6.3062369E-05
   15.84000      1.1773725E-04
   15.85000      1.7102122E-04
   15.86000      2.0576014E-04
   15.87000      2.1108543E-04
   15.88000      1.8495742E-04
   15.89000      1.3546163E-04
   15.90000      7.8654964E-05
   15.91000      3.3597946E-05
   15.92000      1.7349741E-05
   15.93000      3.9547540E-05
   15.94000      9.9507866E-05
   15.95000      1.8506531E-04
   15.96000      2.7525265E-04
   15.97000      3.4672476E-04
   15.98000      3.7875836E-04
   15.99000      3.5943135E-04
   16.00000      2.9112099E-04
