-15.9700000000 0.0000842280
-15.9220000000 0.0000435110
-15.8740000000 0.0000629720
-15.8270000000 0.0000715530
-15.7790000000 0.0000195460
-15.7320000000 0.0000408400
-15.6840000000 0.0000119040
-15.6360000000 0.0000380100
-15.5890000000 0.0000161640
-15.5410000000 0.0000269310
-15.4930000000 0.0000218990
-15.4460000000 0.0000197420
-15.3980000000 0.0000427860
-15.3500000000 0.0000195050
-15.3030000000 0.0000154300
-15.2550000000 0.0000139510
-15.2080000000 0.0000190890
-15.1600000000 0.0000239200
-15.1120000000 0.0000606130
-15.0650000000 0.0000292700
-15.0170000000 0.0000430560
-14.9690000000 0.0000331820
-14.9220000000 0.0000855530
-14.8740000000 0.0001618600
-14.8260000000 0.0000973790
-14.7790000000 0.0000551470
-14.7310000000 0.0000732220
-14.6840000000 0.0001202400
-14.6360000000 0.0002002000
-14.5880000000 0.0011583000
-14.5410000000 0.0016296000
-14.4930000000 0.0010033000
-14.4450000000 0.0004768100
-14.3980000000 0.0014232000
-14.3500000000 0.0054583000
-14.3020000000 0.0061938000
-14.2550000000 0.0021231000
-14.2070000000 0.0004285200
-14.1600000000 0.0008298800
-14.1120000000 0.0013691000
-14.0640000000 0.0012342000
-14.0170000000 0.0003116200
-13.9690000000 0.0001141900
-13.9210000000 0.0001203900
-13.8740000000 0.0000607360
-13.8260000000 0.0000810650
-13.7780000000 0.0000786890
-13.7310000000 0.0000790320
-13.6830000000 0.0000319370
-13.6360000000 0.0000267680
-13.5880000000 0.0000173860
-13.5400000000 0.0000265060
-13.4930000000 0.0000158170
-13.4450000000 0.0000117920
-13.3970000000 0.0000151430
-13.3020000000 0.0000220260
-13.2070000000 0.0000127670
-13.1120000000 0.0000155450
-13.0640000000 0.0000100280
-13.0160000000 0.0000291430
-12.9690000000 0.0000244320
-12.9210000000 0.0000220550
-12.8730000000 0.0000299910
-12.8260000000 0.0000303710
-12.7780000000 0.0000878010
-12.7310000000 0.0000714730
-12.6830000000 0.0000826780
-12.6350000000 0.0000551190
-12.5880000000 0.0001346100
-12.5400000000 0.0001296700
-12.4920000000 0.0009335400
-12.4450000000 0.0017926000
-12.3970000000 0.0011933000
-12.3490000000 0.0005393800
-12.3020000000 0.0009776300
-12.2540000000 0.0056562000
-12.2070000000 0.0084364000
-12.1590000000 0.0036646000
-12.1110000000 0.0005127700
-12.0640000000 0.0008367800
-12.0160000000 0.0018312000
-11.9680000000 0.0020513000
-11.9210000000 0.0006866900
-11.8730000000 0.0003106200
-11.8250000000 0.0002342100
-11.7780000000 0.0002005800
-11.7300000000 0.0001909900
-11.6830000000 0.0003793400
-11.6350000000 0.0007639900
-11.5870000000 0.0003117300
-11.5400000000 0.0001932100
-11.4920000000 0.0002002100
-11.4440000000 0.0001551700
-11.3970000000 0.0002479400
-11.3490000000 0.0000868670
-11.3010000000 0.0001156200
-11.2540000000 0.0001063300
-11.2060000000 0.0000961870
-11.1590000000 0.0001266700
-11.1110000000 0.0000680060
-11.0630000000 0.0000550060
-11.0160000000 0.0000612910
-10.9680000000 0.0000659280
-10.9200000000 0.0000672760
-10.8730000000 0.0000951680
-10.8250000000 0.0000726600
-10.7770000000 0.0000839810
-10.7300000000 0.0000985130
-10.6820000000 0.0001617600
-10.6350000000 0.0002236200
-10.5870000000 0.0001620500
-10.5390000000 0.0000995020
-10.4920000000 0.0001135500
-10.4440000000 0.0001579500
-10.3960000000 0.0005025300
-10.3490000000 0.0010921000
-10.3010000000 0.0012661000
-10.2530000000 0.0009891700
-10.2060000000 0.0011837000
-10.1580000000 0.0039700000
-10.1110000000 0.0066060000
-10.0630000000 0.0047591000
-10.0150000000 0.0019339000
-9.9677000000 0.0012444000
-9.9200000000 0.0018726000
-9.8724000000 0.0022382000
-9.8248000000 0.0011020000
-9.7771000000 0.0005597000
-9.7295000000 0.0005866200
-9.6819000000 0.0002503600
-9.6342000000 0.0004652100
-9.5866000000 0.0003311700
-9.5390000000 0.0012625000
-9.4913000000 0.0013811000
-9.4437000000 0.0003998300
-9.3961000000 0.0007439700
-9.3484000000 0.0003416600
-9.3008000000 0.0007047900
-9.2531000000 0.0006194200
-9.2055000000 0.0003047300
-9.1579000000 0.0006348200
-9.1102000000 0.0003208000
-9.0626000000 0.0006870700
-9.0150000000 0.0005750900
-8.9673000000 0.0003217500
-8.9197000000 0.0002648400
-8.8721000000 0.0004706700
-8.8244000000 0.0003074900
-8.7768000000 0.0008275900
-8.7292000000 0.0008938400
-8.6815000000 0.0005599600
-8.6339000000 0.0008978500
-8.5863000000 0.0006765200
-8.5386000000 0.0023621000
-8.4910000000 0.0022907000
-8.4433000000 0.0012858000
-8.3957000000 0.0007909100
-8.3481000000 0.0018756000
-8.3004000000 0.0015488000
-8.2528000000 0.0071398000
-8.2052000000 0.0227950000
-8.1575000000 0.0221560000
-8.1099000000 0.0124620000
-8.0623000000 0.0075978000
-8.0146000000 0.0407620000
-7.9670000000 0.0969370000
-7.9194000000 0.0730750000
-7.8717000000 0.0164760000
-7.8241000000 0.0074551000
-7.7765000000 0.0150240000
-7.7288000000 0.0209100000
-7.6812000000 0.0127720000
-7.6335000000 0.0020687000
-7.5859000000 0.0018394000
-7.5383000000 0.0010707000
-7.4906000000 0.0011396000
-7.4430000000 0.0012574000
-7.3954000000 0.0014493000
-7.3477000000 0.0012537000
-7.3001000000 0.0003405600
-7.2525000000 0.0004555600
-7.2048000000 0.0003304400
-7.1572000000 0.0003062100
-7.1096000000 0.0001901900
-7.0619000000 0.0001055600
-7.0143000000 0.0001126700
-6.9667000000 0.0001141600
-6.9190000000 0.0000998380
-6.8714000000 0.0000470600
-6.8237000000 0.0001012000
-6.7761000000 0.0000787920
-6.7285000000 0.0000641040
-6.6808000000 0.0000786530
-6.6332000000 0.0001487900
-6.5856000000 0.0001045600
-6.5379000000 0.0001689100
-6.4903000000 0.0001170700
-6.4427000000 0.0003744400
-6.3950000000 0.0004482700
-6.3474000000 0.0006176200
-6.2998000000 0.0005627900
-6.2521000000 0.0007781200
-6.2045000000 0.0009993100
-6.1569000000 0.0032129000
-6.1092000000 0.0137990000
-6.0616000000 0.0158150000
-6.0140000000 0.0084143000
-5.9663000000 0.0042198000
-5.9187000000 0.0274480000
-5.8710000000 0.0826220000
-5.8234000000 0.0733240000
-5.7758000000 0.0174440000
-5.7281000000 0.0058319000
-5.6805000000 0.0142420000
-5.6329000000 0.0243810000
-5.5852000000 0.0171010000
-5.5376000000 0.0039857000
-5.4900000000 0.0043139000
-5.4423000000 0.0019966000
-5.3947000000 0.0029796000
-5.3471000000 0.0021119000
-5.2994000000 0.0072740000
-5.2518000000 0.0084104000
-5.2042000000 0.0021656000
-5.1565000000 0.0035124000
-5.1089000000 0.0017952000
-5.0612000000 0.0030274000
-5.0136000000 0.0028226000
-4.9660000000 0.0011389000
-4.9183000000 0.0023061000
-4.8707000000 0.0013529000
-4.8231000000 0.0022518000
-4.7754000000 0.0019533000
-4.7278000000 0.0011703000
-4.6802000000 0.0010078000
-4.6325000000 0.0016093000
-4.5849000000 0.0011232000
-4.5373000000 0.0022714000
-4.4896000000 0.0027538000
-4.4420000000 0.0017640000
-4.3944000000 0.0027404000
-4.3467000000 0.0021343000
-4.2991000000 0.0062523000
-4.2514000000 0.0067780000
-4.2038000000 0.0035192000
-4.1562000000 0.0021892000
-4.1085000000 0.0041692000
-4.0609000000 0.0049832000
-4.0133000000 0.0126080000
-3.9656000000 0.0434250000
-3.9180000000 0.0535470000
-3.8704000000 0.0376440000
-3.8227000000 0.0315240000
-3.7751000000 0.0837500000
-3.7275000000 0.1848000000
-3.6798000000 0.1740200000
-3.6322000000 0.0633650000
-3.5846000000 0.0234290000
-3.5369000000 0.0384640000
-3.4893000000 0.0404440000
-3.4416000000 0.0287540000
-3.3940000000 0.0093493000
-3.3464000000 0.0042790000
-3.2987000000 0.0050290000
-3.2511000000 0.0037727000
-3.2035000000 0.0052097000
-3.1558000000 0.0062572000
-3.1082000000 0.0068392000
-3.0606000000 0.0050926000
-3.0129000000 0.0042362000
-2.9653000000 0.0036608000
-2.9177000000 0.0055602000
-2.8700000000 0.0034592000
-2.8224000000 0.0046555000
-2.7748000000 0.0044838000
-2.7271000000 0.0038558000
-2.6795000000 0.0074655000
-2.6318000000 0.0053233000
-2.5842000000 0.0029529000
-2.5366000000 0.0042265000
-2.4889000000 0.0049858000
-2.4413000000 0.0053613000
-2.3937000000 0.0158850000
-2.3460000000 0.0098518000
-2.2984000000 0.0123720000
-2.2508000000 0.0109350000
-2.2031000000 0.0216280000
-2.1555000000 0.0473470000
-2.1079000000 0.0335740000
-2.0602000000 0.0183290000
-2.0126000000 0.0225420000
-1.9650000000 0.0471300000
-1.9173000000 0.0461310000
-1.8697000000 0.3517600000
-1.8220000000 0.6436700000
-1.7744000000 0.4789000000
-1.7268000000 0.2286800000
-1.6791000000 0.4450600000
-1.6315000000 2.3565000000
-1.5839000000 3.5276000000
-1.5362000000 1.6718000000
-1.4886000000 0.2416200000
-1.4410000000 0.3729900000
-1.3933000000 0.5907000000
-1.3457000000 0.2607300000
-1.2981000000 0.0626630000
-1.2504000000 0.0243070000
-1.2028000000 0.0860070000
-1.1552000000 0.0218300000
-1.1075000000 0.0011750000
-1.0599000000 0.0006299800
-1.0122000000 0.0131500000
-0.9646100000 0.0261140000
-0.9169800000 0.0006630500
-0.8693400000 0.0251260000
-0.8217100000 0.0140930000
-0.7740700000 0.0001016800
-0.7264400000 0.0000703970
-0.6788000000 0.0001173600
-0.6311700000 0.0000939740
-0.5835300000 0.0001140100
-0.5359000000 0.0000925250
-0.4882600000 0.0000639760
-0.4406300000 0.0001446900
-0.3929900000 0.0093238000
-0.3453600000 0.0017393000
-0.2977200000 0.0001033400
-0.2500900000 0.0001351400
-0.2024500000 0.0002211100
-0.1548100000 0.0001672500
-0.1071800000 0.0001796600
-0.0595440000 0.0004349000
-0.0119090000 0.0004360000
0.0357260000 0.0002481100
0.0833620000 0.0001461000
0.1310000000 0.0002475000
0.1786300000 0.0002436000
0.2262700000 0.0025378000
0.2739000000 0.0021941000
0.3215400000 0.0029599000
0.3691700000 0.0019712000
0.4168100000 0.0014356000
0.4644400000 0.0046447000
0.5120800000 0.0143870000
0.5597100000 0.0231510000
0.6073500000 0.0065946000
0.6549800000 0.1313600000
0.7026200000 0.0177450000
0.7502600000 0.2095300000
0.7978900000 0.0080052000
0.8455300000 0.0020992000
0.8931600000 0.0009558900
0.9408000000 0.0016591000
0.9884300000 0.0127850000
1.0361000000 0.0904410000
1.0837000000 0.0020766000
1.1313000000 0.0292620000
1.1790000000 0.0646910000
1.2266000000 0.0232700000
1.2742000000 0.0048958000
1.3219000000 0.0508700000
1.3695000000 0.0273740000
1.4171000000 0.0166260000
1.4648000000 0.0273730000
1.5124000000 0.0116740000
1.5601000000 0.0303550000
1.6077000000 0.0162980000
1.6553000000 0.0090060000
1.7030000000 0.0090125000
1.7506000000 0.0125290000
1.7982000000 0.0083534000
1.8459000000 0.0212460000
1.8935000000 0.0133120000
1.9411000000 0.0143830000
1.9888000000 0.0170440000
2.0364000000 0.0181580000
2.0840000000 0.0518620000
2.1317000000 0.0329360000
2.1793000000 0.0135660000
2.2269000000 0.0107200000
2.2746000000 0.0252870000
2.3222000000 0.0205910000
2.3699000000 0.0910200000
2.4175000000 0.1854000000
2.4651000000 0.1549500000
2.5128000000 0.1029400000
2.5604000000 0.1063400000
2.6080000000 0.4981800000
2.6557000000 0.8281500000
2.7033000000 0.4659900000
2.7509000000 0.0938260000
2.7986000000 0.0784870000
2.8462000000 0.1456000000
2.8938000000 0.1627900000
2.9415000000 0.0703290000
2.9891000000 0.0087148000
3.0367000000 0.0106970000
3.0844000000 0.0060848000
3.1320000000 0.0080574000
3.1797000000 0.0046927000
3.2273000000 0.0040541000
3.2749000000 0.0050105000
3.3226000000 0.0023562000
3.3702000000 0.0024369000
3.4178000000 0.0019293000
3.4655000000 0.0019694000
3.5131000000 0.0012370000
3.5607000000 0.0020047000
3.6084000000 0.0009060700
3.6560000000 0.0018184000
3.7036000000 0.0022265000
3.7513000000 0.0011716000
3.7989000000 0.0008365400
3.8465000000 0.0011191000
3.8942000000 0.0009142900
3.9418000000 0.0019459000
3.9895000000 0.0031499000
4.0371000000 0.0013922000
4.0847000000 0.0028191000
4.1324000000 0.0014924000
4.1800000000 0.0061492000
4.2276000000 0.0079235000
4.2753000000 0.0046600000
4.3229000000 0.0025164000
4.3705000000 0.0053662000
4.4182000000 0.0060586000
4.4658000000 0.0169930000
4.5134000000 0.0670890000
4.5611000000 0.0711030000
4.6087000000 0.0409350000
4.6563000000 0.0182360000
4.7040000000 0.1133400000
4.7516000000 0.3363300000
4.7993000000 0.2921100000
4.8469000000 0.0729320000
4.8945000000 0.0202620000
4.9422000000 0.0505920000
4.9898000000 0.0847540000
5.0374000000 0.0591600000
5.0851000000 0.0106610000
5.1327000000 0.0064795000
5.1803000000 0.0040500000
5.2280000000 0.0041268000
5.2756000000 0.0044570000
5.3232000000 0.0068717000
5.3709000000 0.0063966000
5.4185000000 0.0016594000
5.4661000000 0.0022844000
5.5138000000 0.0014610000
5.5614000000 0.0019526000
5.6091000000 0.0012821000
5.6567000000 0.0004212100
5.7043000000 0.0007110400
5.7520000000 0.0004061300
5.7996000000 0.0004921700
5.8472000000 0.0002162100
5.8949000000 0.0002831600
5.9425000000 0.0002997800
5.9901000000 0.0002564600
6.0378000000 0.0001715600
6.0854000000 0.0001665900
6.1330000000 0.0001831100
6.1807000000 0.0002000800
6.2283000000 0.0002198300
6.2759000000 0.0002390600
6.3236000000 0.0003329800
6.3712000000 0.0003452000
6.4188000000 0.0002965100
6.4665000000 0.0002944000
6.5141000000 0.0003211700
6.5618000000 0.0009313600
6.6094000000 0.0030668000
6.6570000000 0.0036629000
6.7047000000 0.0026380000
6.7523000000 0.0021130000
6.7999000000 0.0075372000
6.8476000000 0.0188200000
6.8952000000 0.0163110000
6.9428000000 0.0051110000
6.9905000000 0.0027881000
7.0381000000 0.0041378000
7.0857000000 0.0063396000
7.1334000000 0.0043091000
7.1810000000 0.0009341100
7.2286000000 0.0013060000
7.2763000000 0.0005325700
7.3239000000 0.0008889000
7.3716000000 0.0005443000
7.4192000000 0.0013919000
7.4668000000 0.0025472000
7.5145000000 0.0008423900
7.5621000000 0.0011375000
7.6097000000 0.0006763300
7.6574000000 0.0008515100
7.7050000000 0.0011770000
7.7526000000 0.0003822800
7.8003000000 0.0008746900
7.8479000000 0.0004552300
7.8955000000 0.0007114000
7.9432000000 0.0008656400
7.9908000000 0.0004790300
8.0384000000 0.0003227200
8.0861000000 0.0004957900
8.1337000000 0.0004270600
8.1814000000 0.0006530900
8.2290000000 0.0011088000
8.2766000000 0.0005361600
8.3243000000 0.0009756400
8.3719000000 0.0005807200
8.4195000000 0.0018189000
8.4672000000 0.0026843000
8.5148000000 0.0015437000
8.5624000000 0.0008452000
8.6101000000 0.0013867000
8.6577000000 0.0018747000
8.7053000000 0.0033153000
8.7530000000 0.0159830000
8.8006000000 0.0203910000
8.8482000000 0.0129630000
8.8959000000 0.0057847000
8.9435000000 0.0218430000
8.9912000000 0.0788100000
9.0388000000 0.0833960000
9.0864000000 0.0270620000
9.1341000000 0.0052858000
9.1817000000 0.0118520000
9.2293000000 0.0206490000
9.2770000000 0.0173100000
9.3246000000 0.0039110000
9.3722000000 0.0012346000
9.4199000000 0.0012084000
9.4675000000 0.0007958300
9.5151000000 0.0011126000
9.5628000000 0.0008213800
9.6104000000 0.0010361000
9.6580000000 0.0003780500
9.7057000000 0.0002724000
9.7533000000 0.0003018300
9.8010000000 0.0001844200
9.8486000000 0.0001930900
9.8962000000 0.0000472720
9.9439000000 0.0000694440
9.9915000000 0.0000412760
10.0390000000 0.0000372540
10.0870000000 0.0000324930
10.1340000000 0.0000421220
10.1820000000 0.0000508160
10.2300000000 0.0000193490
10.2770000000 0.0000182870
10.3250000000 0.0000488730
10.3730000000 0.0000696810
10.4200000000 0.0000471130
10.4680000000 0.0000454230
10.5150000000 0.0000558960
10.5630000000 0.0001898800
10.6110000000 0.0002146900
10.6580000000 0.0001701000
10.7060000000 0.0001209500
10.7540000000 0.0002802800
10.8010000000 0.0002511000
10.8490000000 0.0019145000
10.8970000000 0.0044657000
10.9440000000 0.0034647000
10.9920000000 0.0015296000
11.0390000000 0.0018166000
11.0870000000 0.0117630000
11.1350000000 0.0214290000
11.1820000000 0.0119580000
11.2300000000 0.0018414000
11.2780000000 0.0019837000
11.3250000000 0.0040920000
11.3730000000 0.0053435000
11.4210000000 0.0023550000
11.4680000000 0.0004874300
11.5160000000 0.0005705300
11.5630000000 0.0002892100
11.6110000000 0.0004219400
11.6590000000 0.0004243400
11.7060000000 0.0007574000
11.7540000000 0.0003783500
11.8020000000 0.0001865400
11.8490000000 0.0002155300
11.8970000000 0.0001392700
11.9450000000 0.0002196500
11.9920000000 0.0000684310
12.0400000000 0.0000881170
12.0870000000 0.0000628880
12.1350000000 0.0000652580
12.1830000000 0.0000624750
12.2300000000 0.0000322360
12.2780000000 0.0000406510
12.3260000000 0.0000404720
12.3730000000 0.0000361750
12.4210000000 0.0000304950
12.4690000000 0.0000398070
12.5160000000 0.0000249570
12.5640000000 0.0000430290
12.6110000000 0.0000245000
12.6590000000 0.0000452010
12.7070000000 0.0000559450
12.7540000000 0.0000358070
12.8020000000 0.0000285180
12.8500000000 0.0000255820
12.8970000000 0.0000353650
12.9450000000 0.0000630890
12.9930000000 0.0001631000
13.0400000000 0.0001990300
13.0880000000 0.0001731700
13.1350000000 0.0001600700
13.1830000000 0.0004017800
13.2310000000 0.0007937900
13.2780000000 0.0006837300
13.3260000000 0.0003218400
13.3740000000 0.0001663100
13.4210000000 0.0002050600
13.4690000000 0.0002688200
13.5170000000 0.0001460000
13.5640000000 0.0000888880
13.6120000000 0.0000595560
13.6590000000 0.0000465820
13.7070000000 0.0000654670
13.7550000000 0.0000323170
13.8020000000 0.0001312400
13.8500000000 0.0000997080
13.8980000000 0.0000537400
13.9450000000 0.0000700420
13.9930000000 0.0000318530
14.0400000000 0.0000764980
14.0880000000 0.0000421190
14.1360000000 0.0000368750
14.1830000000 0.0000467390
14.2310000000 0.0000295650
14.2790000000 0.0000578750
14.3260000000 0.0000430020
14.3740000000 0.0000251780
14.4220000000 0.0000264580
14.4690000000 0.0000354010
14.5170000000 0.0000280420
14.5640000000 0.0000594950
14.6120000000 0.0000514460
14.6600000000 0.0000447680
14.7070000000 0.0000534120
14.7550000000 0.0000542930
14.8030000000 0.0001467800
14.8500000000 0.0001294100
14.8980000000 0.0000647080
14.9460000000 0.0000459800
14.9930000000 0.0000927830
15.0410000000 0.0000848930
15.0880000000 0.0002659500
15.1360000000 0.0007658500
15.1840000000 0.0008057300
15.2310000000 0.0005185900
15.2790000000 0.0003695400
15.3270000000 0.0014770000
15.3740000000 0.0033027000
15.4220000000 0.0026631000
15.4700000000 0.0007380500
15.5170000000 0.0003065100
15.5650000000 0.0006089700
15.6120000000 0.0007532300
15.6600000000 0.0004946700
15.7080000000 0.0000963150
15.7550000000 0.0000590420
15.8030000000 0.0000663860
15.8510000000 0.0000591680
15.8980000000 0.0000698990
15.9460000000 0.0000371500
15.9940000000 0.0000566140
