 -1.6005E+01  4.5228E-05
 -1.5994E+01  5.4629E-05
 -1.5982E+01  7.0676E-05
 -1.5970E+01  8.4228E-05
 -1.5958E+01  8.7909E-05
 -1.5946E+01  7.9354E-05
 -1.5934E+01  6.2043E-05
 -1.5922E+01  4.3511E-05
 -1.5910E+01  3.1852E-05
 -1.5898E+01  3.2131E-05
 -1.5886E+01  4.4225E-05
 -1.5874E+01  6.2972E-05
 -1.5863E+01  8.0452E-05
 -1.5851E+01  8.9362E-05
 -1.5839E+01  8.5988E-05
 -1.5827E+01  7.1553E-05
 -1.5815E+01  5.1444E-05
 -1.5803E+01  3.2768E-05
 -1.5791E+01  2.1366E-05
 -1.5779E+01  1.9546E-05
 -1.5767E+01  2.5465E-05
 -1.5755E+01  3.4307E-05
 -1.5743E+01  4.0635E-05
 -1.5732E+01  4.0840E-05
 -1.5720E+01  3.4597E-05
 -1.5708E+01  2.4765E-05
 -1.5696E+01  1.5866E-05
 -1.5684E+01  1.1904E-05
 -1.5672E+01  1.4526E-05
 -1.5660E+01  2.2328E-05
 -1.5648E+01  3.1586E-05
 -1.5636E+01  3.8010E-05
 -1.5624E+01  3.8702E-05
 -1.5612E+01  3.3418E-05
 -1.5601E+01  2.4592E-05
 -1.5589E+01  1.6164E-05
 -1.5577E+01  1.1760E-05
 -1.5565E+01  1.3071E-05
 -1.5553E+01  1.9152E-05
 -1.5541E+01  2.6931E-05
 -1.5529E+01  3.2660E-05
 -1.5517E+01  3.3633E-05
 -1.5505E+01  2.9394E-05
 -1.5493E+01  2.1899E-05
 -1.5481E+01  1.4611E-05
 -1.5470E+01  1.0950E-05
 -1.5458E+01  1.2802E-05
 -1.5446E+01  1.9742E-05
 -1.5434E+01  2.9284E-05
 -1.5422E+01  3.7995E-05
 -1.5410E+01  4.2937E-05
 -1.5398E+01  4.2786E-05
 -1.5386E+01  3.8185E-05
 -1.5374E+01  3.1227E-05
 -1.5362E+01  2.4401E-05
 -1.5350E+01  1.9505E-05
 -1.5339E+01  1.7042E-05
 -1.5327E+01  1.6318E-05
 -1.5315E+01  1.6100E-05
 -1.5303E+01  1.5430E-05
 -1.5291E+01  1.4165E-05
 -1.5279E+01  1.2953E-05
 -1.5267E+01  1.2714E-05
 -1.5255E+01  1.3951E-05
 -1.5243E+01  1.6308E-05
 -1.5231E+01  1.8670E-05
 -1.5219E+01  1.9785E-05
 -1.5208E+01  1.9089E-05
 -1.5196E+01  1.7253E-05
 -1.5184E+01  1.6104E-05
 -1.5172E+01  1.7848E-05
 -1.5160E+01  2.3920E-05
 -1.5148E+01  3.4019E-05
 -1.5136E+01  4.5857E-05
 -1.5124E+01  5.5863E-05
 -1.5112E+01  6.0613E-05
 -1.5100E+01  5.8365E-05
 -1.5088E+01  4.9993E-05
 -1.5077E+01  3.8809E-05
 -1.5065E+01  2.9270E-05
 -1.5053E+01  2.5074E-05
 -1.5041E+01  2.7507E-05
 -1.5029E+01  3.4829E-05
 -1.5017E+01  4.3056E-05
 -1.5005E+01  4.7856E-05
 -1.4993E+01  4.6729E-05
 -1.4981E+01  4.0471E-05
 -1.4969E+01  3.3182E-05
 -1.4957E+01  3.0697E-05
 -1.4946E+01  3.8066E-05
 -1.4934E+01  5.7171E-05
 -1.4922E+01  8.5553E-05
 -1.4910E+01  1.1704E-04
 -1.4898E+01  1.4392E-04
 -1.4886E+01  1.5979E-04
 -1.4874E+01  1.6186E-04
 -1.4862E+01  1.5163E-04
 -1.4850E+01  1.3391E-04
 -1.4838E+01  1.1441E-04
 -1.4826E+01  9.7379E-05
 -1.4815E+01  8.4229E-05
 -1.4803E+01  7.3857E-05
 -1.4791E+01  6.4367E-05
 -1.4779E+01  5.5147E-05
 -1.4767E+01  4.8065E-05
 -1.4755E+01  4.6904E-05
 -1.4743E+01  5.5152E-05
 -1.4731E+01  7.3222E-05
 -1.4719E+01  9.6768E-05
 -1.4707E+01  1.1747E-04
 -1.4695E+01  1.2659E-04
 -1.4684E+01  1.2024E-04
 -1.4672E+01  1.0415E-04
 -1.4660E+01  9.5251E-05
 -1.4648E+01  1.1869E-04
 -1.4636E+01  2.0020E-04
 -1.4624E+01  3.5631E-04
 -1.4612E+01  5.8587E-04
 -1.4600E+01  8.6656E-04
 -1.4588E+01  1.1583E-03
 -1.4576E+01  1.4132E-03
 -1.4564E+01  1.5891E-03
 -1.4553E+01  1.6614E-03
 -1.4541E+01  1.6296E-03
 -1.4529E+01  1.5153E-03
 -1.4517E+01  1.3522E-03
 -1.4505E+01  1.1741E-03
 -1.4493E+01  1.0033E-03
 -1.4481E+01  8.4756E-04
 -1.4469E+01  7.0489E-04
 -1.4457E+01  5.7579E-04
 -1.4445E+01  4.7681E-04
 -1.4433E+01  4.4876E-04
 -1.4422E+01  5.5408E-04
 -1.4410E+01  8.6179E-04
 -1.4398E+01  1.4232E-03
 -1.4386E+01  2.2462E-03
 -1.4374E+01  3.2778E-03
 -1.4362E+01  4.4020E-03
 -1.4350E+01  5.4583E-03
 -1.4338E+01  6.2748E-03
 -1.4326E+01  6.7082E-03
 -1.4314E+01  6.6796E-03
 -1.4302E+01  6.1938E-03
 -1.4291E+01  5.3387E-03
 -1.4279E+01  4.2627E-03
 -1.4267E+01  3.1384E-03
 -1.4255E+01  2.1231E-03
 -1.4243E+01  1.3261E-03
 -1.4231E+01  7.9384E-04
 -1.4219E+01  5.1288E-04
 -1.4207E+01  4.2852E-04
 -1.4195E+01  4.7014E-04
 -1.4183E+01  5.7452E-04
 -1.4171E+01  7.0020E-04
 -1.4160E+01  8.2988E-04
 -1.4148E+01  9.6280E-04
 -1.4136E+01  1.1020E-03
 -1.4124E+01  1.2432E-03
 -1.4112E+01  1.3691E-03
 -1.4100E+01  1.4530E-03
 -1.4088E+01  1.4671E-03
 -1.4076E+01  1.3939E-03
 -1.4064E+01  1.2342E-03
 -1.4052E+01  1.0088E-03
 -1.4040E+01  7.5367E-04
 -1.4029E+01  5.0976E-04
 -1.4017E+01  3.1162E-04
 -1.4005E+01  1.7884E-04
 -1.3993E+01  1.1272E-04
 -1.3981E+01  9.8865E-05
 -1.3969E+01  1.1419E-04
 -1.3957E+01  1.3545E-04
 -1.3945E+01  1.4623E-04
 -1.3933E+01  1.4021E-04
 -1.3921E+01  1.2039E-04
 -1.3909E+01  9.5252E-05
 -1.3898E+01  7.3880E-05
 -1.3886E+01  6.2085E-05
 -1.3874E+01  6.0736E-05
 -1.3862E+01  6.6518E-05
 -1.3850E+01  7.4293E-05
 -1.3838E+01  7.9737E-05
 -1.3826E+01  8.1065E-05
 -1.3814E+01  7.9239E-05
 -1.3802E+01  7.6847E-05
 -1.3790E+01  7.6361E-05
 -1.3778E+01  7.8689E-05
 -1.3767E+01  8.2674E-05
 -1.3755E+01  8.5701E-05
 -1.3743E+01  8.5005E-05
 -1.3731E+01  7.9032E-05
 -1.3719E+01  6.8194E-05
 -1.3707E+01  5.4725E-05
 -1.3695E+01  4.1736E-05
 -1.3683E+01  3.1937E-05
 -1.3671E+01  2.6610E-05
 -1.3659E+01  2.5254E-05
 -1.3647E+01  2.6037E-05
 -1.3636E+01  2.6768E-05
 -1.3624E+01  2.5928E-05
 -1.3612E+01  2.3297E-05
 -1.3600E+01  1.9904E-05
 -1.3588E+01  1.7386E-05
 -1.3576E+01  1.7079E-05
 -1.3564E+01  1.9276E-05
 -1.3552E+01  2.3022E-05
 -1.3540E+01  2.6506E-05
 -1.3528E+01  2.7894E-05
 -1.3517E+01  2.6173E-05
 -1.3505E+01  2.1643E-05
 -1.3493E+01  1.5817E-05
 -1.3481E+01  1.0766E-05
 -1.3469E+01  8.2182E-06
 -1.3457E+01  8.8021E-06
 -1.3445E+01  1.1792E-05
 -1.3433E+01  1.5460E-05
 -1.3421E+01  1.7874E-05
 -1.3409E+01  1.7775E-05
 -1.3397E+01  1.5143E-05
 -1.3386E+01  1.1195E-05
 -1.3374E+01  7.8211E-06
 -1.3362E+01  6.7035E-06
 -1.3350E+01  8.5412E-06
 -1.3338E+01  1.2719E-05
 -1.3326E+01  1.7579E-05
 -1.3314E+01  2.1151E-05
 -1.3302E+01  2.2026E-05
 -1.3290E+01  1.9955E-05
 -1.3278E+01  1.5919E-05
 -1.3266E+01  1.1637E-05
 -1.3255E+01  8.7584E-06
 -1.3243E+01  8.1165E-06
 -1.3231E+01  9.4111E-06
 -1.3219E+01  1.1441E-05
 -1.3207E+01  1.2767E-05
 -1.3195E+01  1.2472E-05
 -1.3183E+01  1.0633E-05
 -1.3171E+01  8.2677E-06
 -1.3159E+01  6.7831E-06
 -1.3147E+01  7.1994E-06
 -1.3135E+01  9.5652E-06
 -1.3124E+01  1.2873E-05
 -1.3112E+01  1.5545E-05
 -1.3100E+01  1.6268E-05
 -1.3088E+01  1.4757E-05
 -1.3076E+01  1.2032E-05
 -1.3064E+01  1.0028E-05
 -1.3052E+01  1.0662E-05
 -1.3040E+01  1.4814E-05
 -1.3028E+01  2.1720E-05
 -1.3016E+01  2.9143E-05
 -1.3004E+01  3.4284E-05
 -1.2993E+01  3.5067E-05
 -1.2981E+01  3.1197E-05
 -1.2969E+01  2.4432E-05
 -1.2957E+01  1.7891E-05
 -1.2945E+01  1.4650E-05
 -1.2933E+01  1.6285E-05
 -1.2921E+01  2.2055E-05
 -1.2909E+01  2.9181E-05
 -1.2897E+01  3.4142E-05
 -1.2885E+01  3.4442E-05
 -1.2873E+01  2.9991E-05
 -1.2862E+01  2.3403E-05
 -1.2850E+01  1.8963E-05
 -1.2838E+01  2.0689E-05
 -1.2826E+01  3.0371E-05
 -1.2814E+01  4.6528E-05
 -1.2802E+01  6.4841E-05
 -1.2790E+01  7.9946E-05
 -1.2778E+01  8.7801E-05
 -1.2766E+01  8.7499E-05
 -1.2754E+01  8.1606E-05
 -1.2742E+01  7.4805E-05
 -1.2731E+01  7.1473E-05
 -1.2719E+01  7.3393E-05
 -1.2707E+01  7.8803E-05
 -1.2695E+01  8.3359E-05
 -1.2683E+01  8.2678E-05
 -1.2671E+01  7.5182E-05
 -1.2659E+01  6.3687E-05
 -1.2647E+01  5.4650E-05
 -1.2635E+01  5.5119E-05
 -1.2623E+01  6.8728E-05
 -1.2611E+01  9.2812E-05
 -1.2600E+01  1.1851E-04
 -1.2588E+01  1.3461E-04
 -1.2576E+01  1.3395E-04
 -1.2564E+01  1.1987E-04
 -1.2552E+01  1.0918E-04
 -1.2540E+01  1.2967E-04
 -1.2528E+01  2.1167E-04
 -1.2516E+01  3.7637E-04
 -1.2504E+01  6.2499E-04
 -1.2492E+01  9.3354E-04
 -1.2480E+01  1.2561E-03
 -1.2469E+01  1.5365E-03
 -1.2457E+01  1.7249E-03
 -1.2445E+01  1.7926E-03
 -1.2433E+01  1.7402E-03
 -1.2421E+01  1.5950E-03
 -1.2409E+01  1.3992E-03
 -1.2397E+01  1.1933E-03
 -1.2385E+01  1.0030E-03
 -1.2373E+01  8.3414E-04
 -1.2361E+01  6.8040E-04
 -1.2349E+01  5.3938E-04
 -1.2338E+01  4.3139E-04
 -1.2326E+01  4.1062E-04
 -1.2314E+01  5.6150E-04
 -1.2302E+01  9.7763E-04
 -1.2290E+01  1.7280E-03
 -1.2278E+01  2.8216E-03
 -1.2266E+01  4.1840E-03
 -1.2254E+01  5.6562E-03
 -1.2242E+01  7.0209E-03
 -1.2230E+01  8.0483E-03
 -1.2218E+01  8.5519E-03
 -1.2207E+01  8.4364E-03
 -1.2195E+01  7.7235E-03
 -1.2183E+01  6.5466E-03
 -1.2171E+01  5.1160E-03
 -1.2159E+01  3.6646E-03
 -1.2147E+01  2.3932E-03
 -1.2135E+01  1.4296E-03
 -1.2123E+01  8.1465E-04
 -1.2111E+01  5.1277E-04
 -1.2099E+01  4.4290E-04
 -1.2087E+01  5.1468E-04
 -1.2076E+01  6.5805E-04
 -1.2064E+01  8.3678E-04
 -1.2052E+01  1.0439E-03
 -1.2040E+01  1.2843E-03
 -1.2028E+01  1.5550E-03
 -1.2016E+01  1.8312E-03
 -1.2004E+01  2.0669E-03
 -1.1992E+01  2.2069E-03
 -1.1980E+01  2.2070E-03
 -1.1968E+01  2.0513E-03
 -1.1956E+01  1.7615E-03
 -1.1945E+01  1.3913E-03
 -1.1933E+01  1.0112E-03
 -1.1921E+01  6.8669E-04
 -1.1909E+01  4.5956E-04
 -1.1897E+01  3.3862E-04
 -1.1885E+01  3.0213E-04
 -1.1873E+01  3.1062E-04
 -1.1861E+01  3.2412E-04
 -1.1849E+01  3.1659E-04
 -1.1837E+01  2.8254E-04
 -1.1825E+01  2.3421E-04
 -1.1814E+01  1.9177E-04
 -1.1802E+01  1.7151E-04
 -1.1790E+01  1.7760E-04
 -1.1778E+01  2.0058E-04
 -1.1766E+01  2.2317E-04
 -1.1754E+01  2.2985E-04
 -1.1742E+01  2.1586E-04
 -1.1730E+01  1.9099E-04
 -1.1718E+01  1.7644E-04
 -1.1706E+01  1.9583E-04
 -1.1694E+01  2.6413E-04
 -1.1683E+01  3.7934E-04
 -1.1671E+01  5.2065E-04
 -1.1659E+01  6.5409E-04
 -1.1647E+01  7.4372E-04
 -1.1635E+01  7.6399E-04
 -1.1623E+01  7.0867E-04
 -1.1611E+01  5.9302E-04
 -1.1599E+01  4.4847E-04
 -1.1587E+01  3.1173E-04
 -1.1575E+01  2.1268E-04
 -1.1563E+01  1.6531E-04
 -1.1552E+01  1.6512E-04
 -1.1540E+01  1.9321E-04
 -1.1528E+01  2.2507E-04
 -1.1516E+01  2.4050E-04
 -1.1504E+01  2.3069E-04
 -1.1492E+01  2.0021E-04
 -1.1480E+01  1.6346E-04
 -1.1468E+01  1.3742E-04
 -1.1456E+01  1.3402E-04
 -1.1444E+01  1.5517E-04
 -1.1432E+01  1.9216E-04
 -1.1421E+01  2.2952E-04
 -1.1409E+01  2.5143E-04
 -1.1397E+01  2.4794E-04
 -1.1385E+01  2.1869E-04
 -1.1373E+01  1.7256E-04
 -1.1361E+01  1.2392E-04
 -1.1349E+01  8.6867E-05
 -1.1337E+01  7.0188E-05
 -1.1325E+01  7.4605E-05
 -1.1313E+01  9.3371E-05
 -1.1301E+01  1.1562E-04
 -1.1290E+01  1.3099E-04
 -1.1278E+01  1.3352E-04
 -1.1266E+01  1.2345E-04
 -1.1254E+01  1.0633E-04
 -1.1242E+01  9.0145E-05
 -1.1230E+01  8.1795E-05
 -1.1218E+01  8.4357E-05
 -1.1206E+01  9.6187E-05
 -1.1194E+01  1.1199E-04
 -1.1182E+01  1.2523E-04
 -1.1170E+01  1.3079E-04
 -1.1159E+01  1.2667E-04
 -1.1147E+01  1.1434E-04
 -1.1135E+01  9.7669E-05
 -1.1123E+01  8.1099E-05
 -1.1111E+01  6.8006E-05
 -1.1099E+01  5.9776E-05
 -1.1087E+01  5.5899E-05
 -1.1075E+01  5.4821E-05
 -1.1063E+01  5.5006E-05
 -1.1051E+01  5.5636E-05
 -1.1039E+01  5.6705E-05
 -1.1028E+01  5.8562E-05
 -1.1016E+01  6.1291E-05
 -1.1004E+01  6.4341E-05
 -1.0992E+01  6.6660E-05
 -1.0980E+01  6.7267E-05
 -1.0968E+01  6.5928E-05
 -1.0956E+01  6.3520E-05
 -1.0944E+01  6.1808E-05
 -1.0932E+01  6.2698E-05
 -1.0920E+01  6.7276E-05
 -1.0908E+01  7.5112E-05
 -1.0897E+01  8.4217E-05
 -1.0885E+01  9.1746E-05
 -1.0873E+01  9.5168E-05
 -1.0861E+01  9.3378E-05
 -1.0849E+01  8.7240E-05
 -1.0837E+01  7.9280E-05
 -1.0825E+01  7.2660E-05
 -1.0813E+01  6.9872E-05
 -1.0801E+01  7.1745E-05
 -1.0789E+01  7.7216E-05
 -1.0777E+01  8.3981E-05
 -1.0766E+01  8.9715E-05
 -1.0754E+01  9.3293E-05
 -1.0742E+01  9.5441E-05
 -1.0730E+01  9.8513E-05
 -1.0718E+01  1.0547E-04
 -1.0706E+01  1.1851E-04
 -1.0694E+01  1.3793E-04
 -1.0682E+01  1.6176E-04
 -1.0670E+01  1.8621E-04
 -1.0658E+01  2.0689E-04
 -1.0646E+01  2.2005E-04
 -1.0635E+01  2.2362E-04
 -1.0623E+01  2.1752E-04
 -1.0611E+01  2.0339E-04
 -1.0599E+01  1.8390E-04
 -1.0587E+01  1.6205E-04
 -1.0575E+01  1.4060E-04
 -1.0563E+01  1.2192E-04
 -1.0551E+01  1.0782E-04
 -1.0539E+01  9.9502E-05
 -1.0527E+01  9.7242E-05
 -1.0515E+01  1.0019E-04
 -1.0504E+01  1.0642E-04
 -1.0492E+01  1.1355E-04
 -1.0480E+01  1.1999E-04
 -1.0468E+01  1.2637E-04
 -1.0456E+01  1.3663E-04
 -1.0444E+01  1.5795E-04
 -1.0432E+01  1.9933E-04
 -1.0420E+01  2.6888E-04
 -1.0408E+01  3.7069E-04
 -1.0396E+01  5.0253E-04
 -1.0384E+01  6.5531E-04
 -1.0373E+01  8.1478E-04
 -1.0361E+01  9.6498E-04
 -1.0349E+01  1.0921E-03
 -1.0337E+01  1.1871E-03
 -1.0325E+01  1.2468E-03
 -1.0313E+01  1.2722E-03
 -1.0301E+01  1.2661E-03
 -1.0289E+01  1.2309E-03
 -1.0277E+01  1.1687E-03
 -1.0265E+01  1.0842E-03
 -1.0253E+01  9.8917E-04
 -1.0242E+01  9.0803E-04
 -1.0230E+01  8.7965E-04
 -1.0218E+01  9.5420E-04
 -1.0206E+01  1.1837E-03
 -1.0194E+01  1.6077E-03
 -1.0182E+01  2.2381E-03
 -1.0170E+01  3.0483E-03
 -1.0158E+01  3.9700E-03
 -1.0146E+01  4.9008E-03
 -1.0134E+01  5.7209E-03
 -1.0122E+01  6.3170E-03
 -1.0111E+01  6.6060E-03
 -1.0099E+01  6.5529E-03
 -1.0087E+01  6.1771E-03
 -1.0075E+01  5.5463E-03
 -1.0063E+01  4.7591E-03
 -1.0051E+01  3.9226E-03
 -1.0039E+01  3.1325E-03
 -1.0027E+01  2.4575E-03
 -1.0015E+01  1.9339E-03
 -1.0003E+01  1.5682E-03
 -9.9915E+00  1.3467E-03
 -9.9796E+00  1.2463E-03
 -9.9677E+00  1.2444E-03
 -9.9558E+00  1.3227E-03
 -9.9439E+00  1.4662E-03
 -9.9319E+00  1.6576E-03
 -9.9200E+00  1.8726E-03
 -9.9081E+00  2.0771E-03
 -9.8962E+00  2.2304E-03
 -9.8843E+00  2.2932E-03
 -9.8724E+00  2.2382E-03
 -9.8605E+00  2.0597E-03
 -9.8486E+00  1.7787E-03
 -9.8367E+00  1.4400E-03
 -9.8248E+00  1.1020E-03
 -9.8129E+00  8.2092E-04
 -9.8010E+00  6.3534E-04
 -9.7890E+00  5.5504E-04
 -9.7771E+00  5.5970E-04
 -9.7652E+00  6.0713E-04
 -9.7533E+00  6.4872E-04
 -9.7414E+00  6.4661E-04
 -9.7295E+00  5.8662E-04
 -9.7176E+00  4.8200E-04
 -9.7057E+00  3.6664E-04
 -9.6938E+00  2.8008E-04
 -9.6819E+00  2.5036E-04
 -9.6700E+00  2.8191E-04
 -9.6580E+00  3.5335E-04
 -9.6461E+00  4.2684E-04
 -9.6342E+00  4.6521E-04
 -9.6223E+00  4.5012E-04
 -9.6104E+00  3.9336E-04
 -9.5985E+00  3.3545E-04
 -9.5866E+00  3.3117E-04
 -9.5747E+00  4.2684E-04
 -9.5628E+00  6.3829E-04
 -9.5509E+00  9.3875E-04
 -9.5390E+00  1.2625E-03
 -9.5271E+00  1.5241E-03
 -9.5151E+00  1.6480E-03
 -9.5032E+00  1.5955E-03
 -9.4913E+00  1.3811E-03
 -9.4794E+00  1.0682E-03
 -9.4675E+00  7.4804E-04
 -9.4556E+00  5.0756E-04
 -9.4437E+00  3.9983E-04
 -9.4318E+00  4.2682E-04
 -9.4199E+00  5.4197E-04
 -9.4080E+00  6.7120E-04
 -9.3961E+00  7.4397E-04
 -9.3841E+00  7.2163E-04
 -9.3722E+00  6.1168E-04
 -9.3603E+00  4.6258E-04
 -9.3484E+00  3.4166E-04
 -9.3365E+00  3.0564E-04
 -9.3246E+00  3.7583E-04
 -9.3127E+00  5.2859E-04
 -9.3008E+00  7.0479E-04
 -9.2889E+00  8.3430E-04
 -9.2770E+00  8.6480E-04
 -9.2651E+00  7.8299E-04
 -9.2531E+00  6.1942E-04
 -9.2412E+00  4.3546E-04
 -9.2293E+00  2.9792E-04
 -9.2174E+00  2.5215E-04
 -9.2055E+00  3.0473E-04
 -9.1936E+00  4.2293E-04
 -9.1817E+00  5.5034E-04
 -9.1698E+00  6.3152E-04
 -9.1579E+00  6.3482E-04
 -9.1460E+00  5.6419E-04
 -9.1341E+00  4.5552E-04
 -9.1222E+00  3.5980E-04
 -9.1102E+00  3.2080E-04
 -9.0983E+00  3.5711E-04
 -9.0864E+00  4.5604E-04
 -9.0745E+00  5.8081E-04
 -9.0626E+00  6.8707E-04
 -9.0507E+00  7.4079E-04
 -9.0388E+00  7.3003E-04
 -9.0269E+00  6.6613E-04
 -9.0150E+00  5.7509E-04
 -9.0031E+00  4.8426E-04
 -8.9912E+00  4.1108E-04
 -8.9792E+00  3.5907E-04
 -8.9673E+00  3.2175E-04
 -8.9554E+00  2.9131E-04
 -8.9435E+00  2.6632E-04
 -8.9316E+00  2.5387E-04
 -8.9197E+00  2.6484E-04
 -8.9078E+00  3.0493E-04
 -8.8959E+00  3.6721E-04
 -8.8840E+00  4.3125E-04
 -8.8721E+00  4.7067E-04
 -8.8602E+00  4.6626E-04
 -8.8482E+00  4.1834E-04
 -8.8363E+00  3.5146E-04
 -8.8244E+00  3.0749E-04
 -8.8125E+00  3.2840E-04
 -8.8006E+00  4.3595E-04
 -8.7887E+00  6.1781E-04
 -8.7768E+00  8.2759E-04
 -8.7649E+00  1.0004E-03
 -8.7530E+00  1.0786E-03
 -8.7411E+00  1.0364E-03
 -8.7292E+00  8.9384E-04
 -8.7173E+00  7.1011E-04
 -8.7053E+00  5.6058E-04
 -8.6934E+00  5.0469E-04
 -8.6815E+00  5.5996E-04
 -8.6696E+00  6.9386E-04
 -8.6577E+00  8.3806E-04
 -8.6458E+00  9.1991E-04
 -8.6339E+00  8.9785E-04
 -8.6220E+00  7.8481E-04
 -8.6101E+00  6.4800E-04
 -8.5982E+00  5.8362E-04
 -8.5863E+00  6.7652E-04
 -8.5743E+00  9.6205E-04
 -8.5624E+00  1.4063E-03
 -8.5505E+00  1.9141E-03
 -8.5386E+00  2.3621E-03
 -8.5267E+00  2.6433E-03
 -8.5148E+00  2.7053E-03
 -8.5029E+00  2.5642E-03
 -8.4910E+00  2.2907E-03
 -8.4791E+00  1.9752E-03
 -8.4672E+00  1.6897E-03
 -8.4553E+00  1.4637E-03
 -8.4433E+00  1.2858E-03
 -8.4314E+00  1.1264E-03
 -8.4195E+00  9.7049E-04
 -8.4076E+00  8.4010E-04
 -8.3957E+00  7.9091E-04
 -8.3838E+00  8.8300E-04
 -8.3719E+00  1.1384E-03
 -8.3600E+00  1.5087E-03
 -8.3481E+00  1.8756E-03
 -8.3362E+00  2.0935E-03
 -8.3243E+00  2.0649E-03
 -8.3124E+00  1.8178E-03
 -8.3004E+00  1.5488E-03
 -8.2885E+00  1.6008E-03
 -8.2766E+00  2.3732E-03
 -8.2647E+00  4.1854E-03
 -8.2528E+00  7.1398E-03
 -8.2409E+00  1.1039E-02
 -8.2290E+00  1.5393E-02
 -8.2171E+00  1.9534E-02
 -8.2052E+00  2.2795E-02
 -8.1933E+00  2.4699E-02
 -8.1814E+00  2.5078E-02
 -8.1694E+00  2.4097E-02
 -8.1575E+00  2.2156E-02
 -8.1456E+00  1.9728E-02
 -8.1337E+00  1.7198E-02
 -8.1218E+00  1.4765E-02
 -8.1099E+00  1.2462E-02
 -8.0980E+00  1.0287E-02
 -8.0861E+00  8.3904E-03
 -8.0742E+00  7.2289E-03
 -8.0623E+00  7.5978E-03
 -8.0504E+00  1.0494E-02
 -8.0384E+00  1.6821E-02
 -8.0265E+00  2.7021E-02
 -8.0146E+00  4.0762E-02
 -8.0027E+00  5.6809E-02
 -7.9908E+00  7.3136E-02
 -7.9789E+00  8.7296E-02
 -7.9670E+00  9.6937E-02
 -7.9551E+00  1.0036E-01
 -7.9432E+00  9.6928E-02
 -7.9313E+00  8.7268E-02
 -7.9194E+00  7.3075E-02
 -7.9075E+00  5.6703E-02
 -7.8955E+00  4.0602E-02
 -7.8836E+00  2.6784E-02
 -7.8717E+00  1.6476E-02
 -7.8598E+00  1.0011E-02
 -7.8479E+00  6.9629E-03
 -7.8360E+00  6.4442E-03
 -7.8241E+00  7.4551E-03
 -7.8122E+00  9.1749E-03
 -7.8003E+00  1.1107E-02
 -7.7884E+00  1.3061E-02
 -7.7765E+00  1.5024E-02
 -7.7645E+00  1.6987E-02
 -7.7526E+00  1.8821E-02
 -7.7407E+00  2.0248E-02
 -7.7288E+00  2.0910E-02
 -7.7169E+00  2.0494E-02
 -7.7050E+00  1.8872E-02
 -7.6931E+00  1.6173E-02
 -7.6812E+00  1.2772E-02
 -7.6693E+00  9.2010E-03
 -7.6574E+00  5.9986E-03
 -7.6455E+00  3.5652E-03
 -7.6335E+00  2.0687E-03
 -7.6216E+00  1.4314E-03
 -7.6097E+00  1.3939E-03
 -7.5978E+00  1.6259E-03
 -7.5859E+00  1.8394E-03
 -7.5740E+00  1.8666E-03
 -7.5621E+00  1.6826E-03
 -7.5502E+00  1.3731E-03
 -7.5383E+00  1.0707E-03
 -7.5264E+00  8.8571E-04
 -7.5145E+00  8.6288E-04
 -7.5026E+00  9.7320E-04
 -7.4906E+00  1.1396E-03
 -7.4787E+00  1.2786E-03
 -7.4668E+00  1.3387E-03
 -7.4549E+00  1.3179E-03
 -7.4430E+00  1.2574E-03
 -7.4311E+00  1.2155E-03
 -7.4192E+00  1.2358E-03
 -7.4073E+00  1.3249E-03
 -7.3954E+00  1.4493E-03
 -7.3835E+00  1.5494E-03
 -7.3716E+00  1.5659E-03
 -7.3596E+00  1.4652E-03
 -7.3477E+00  1.2537E-03
 -7.3358E+00  9.7528E-04
 -7.3239E+00  6.9395E-04
 -7.3120E+00  4.7027E-04
 -7.3001E+00  3.4056E-04
 -7.2882E+00  3.0751E-04
 -7.2763E+00  3.4389E-04
 -7.2644E+00  4.0678E-04
 -7.2525E+00  4.5556E-04
 -7.2406E+00  4.6620E-04
 -7.2286E+00  4.3689E-04
 -7.2167E+00  3.8382E-04
 -7.2048E+00  3.3044E-04
 -7.1929E+00  2.9567E-04
 -7.1810E+00  2.8608E-04
 -7.1691E+00  2.9472E-04
 -7.1572E+00  3.0621E-04
 -7.1453E+00  3.0497E-04
 -7.1334E+00  2.8253E-04
 -7.1215E+00  2.4078E-04
 -7.1096E+00  1.9019E-04
 -7.0977E+00  1.4439E-04
 -7.0857E+00  1.1398E-04
 -7.0738E+00  1.0243E-04
 -7.0619E+00  1.0556E-04
 -7.0500E+00  1.1459E-04
 -7.0381E+00  1.2086E-04
 -7.0262E+00  1.1987E-04
 -7.0143E+00  1.1267E-04
 -7.0024E+00  1.0440E-04
 -6.9905E+00  1.0077E-04
 -6.9786E+00  1.0463E-04
 -6.9667E+00  1.1416E-04
 -6.9547E+00  1.2366E-04
 -6.9428E+00  1.2645E-04
 -6.9309E+00  1.1831E-04
 -6.9190E+00  9.9838E-05
 -6.9071E+00  7.6387E-05
 -6.8952E+00  5.5809E-05
 -6.8833E+00  4.5025E-05
 -6.8714E+00  4.7060E-05
 -6.8595E+00  5.9882E-05
 -6.8476E+00  7.7547E-05
 -6.8357E+00  9.3013E-05
 -6.8237E+00  1.0120E-04
 -6.8118E+00  1.0081E-04
 -6.7999E+00  9.4252E-05
 -6.7880E+00  8.5716E-05
 -6.7761E+00  7.8792E-05
 -6.7642E+00  7.4706E-05
 -6.7523E+00  7.2206E-05
 -6.7404E+00  6.9044E-05
 -6.7285E+00  6.4104E-05
 -6.7166E+00  5.8839E-05
 -6.7047E+00  5.7055E-05
 -6.6928E+00  6.2993E-05
 -6.6808E+00  7.8653E-05
 -6.6689E+00  1.0185E-04
 -6.6570E+00  1.2627E-04
 -6.6451E+00  1.4391E-04
 -6.6332E+00  1.4879E-04
 -6.6213E+00  1.4023E-04
 -6.6094E+00  1.2373E-04
 -6.5975E+00  1.0882E-04
 -6.5856E+00  1.0456E-04
 -6.5737E+00  1.1487E-04
 -6.5618E+00  1.3597E-04
 -6.5498E+00  1.5781E-04
 -6.5379E+00  1.6891E-04
 -6.5260E+00  1.6284E-04
 -6.5141E+00  1.4276E-04
 -6.5022E+00  1.2158E-04
 -6.4903E+00  1.1707E-04
 -6.4784E+00  1.4360E-04
 -6.4665E+00  2.0448E-04
 -6.4546E+00  2.8867E-04
 -6.4427E+00  3.7444E-04
 -6.4308E+00  4.3863E-04
 -6.4188E+00  4.6761E-04
 -6.4069E+00  4.6446E-04
 -6.3950E+00  4.4827E-04
 -6.3831E+00  4.4527E-04
 -6.3712E+00  4.7516E-04
 -6.3593E+00  5.3932E-04
 -6.3474E+00  6.1762E-04
 -6.3355E+00  6.7672E-04
 -6.3236E+00  6.8719E-04
 -6.3117E+00  6.4142E-04
 -6.2998E+00  5.6279E-04
 -6.2879E+00  4.9956E-04
 -6.2759E+00  5.0360E-04
 -6.2640E+00  6.0236E-04
 -6.2521E+00  7.7812E-04
 -6.2402E+00  9.6799E-04
 -6.2283E+00  1.0907E-03
 -6.2164E+00  1.0932E-03
 -6.2045E+00  9.9931E-04
 -6.1926E+00  9.3706E-04
 -6.1807E+00  1.1262E-03
 -6.1688E+00  1.8196E-03
 -6.1569E+00  3.2129E-03
 -6.1449E+00  5.3529E-03
 -6.1330E+00  8.0834E-03
 -6.1211E+00  1.1055E-02
 -6.1092E+00  1.3799E-02
 -6.0973E+00  1.5857E-02
 -6.0854E+00  1.6904E-02
 -6.0735E+00  1.6842E-02
 -6.0616E+00  1.5815E-02
 -6.0497E+00  1.4139E-02
 -6.0378E+00  1.2179E-02
 -6.0259E+00  1.0222E-02
 -6.0140E+00  8.4143E-03
 -6.0020E+00  6.7857E-03
 -5.9901E+00  5.3700E-03
 -5.9782E+00  4.3591E-03
 -5.9663E+00  4.2198E-03
 -5.9544E+00  5.6958E-03
 -5.9425E+00  9.6587E-03
 -5.9306E+00  1.6829E-02
 -5.9187E+00  2.7448E-02
 -5.9068E+00  4.1002E-02
 -5.8949E+00  5.6135E-02
 -5.8830E+00  7.0791E-02
 -5.8710E+00  8.2622E-02
 -5.8591E+00  8.9529E-02
 -5.8472E+00  9.0201E-02
 -5.8353E+00  8.4462E-02
 -5.8234E+00  7.3324E-02
 -5.8115E+00  5.8739E-02
 -5.7996E+00  4.3125E-02
 -5.7877E+00  2.8793E-02
 -5.7758E+00  1.7444E-02
 -5.7639E+00  9.8788E-03
 -5.7520E+00  5.9852E-03
 -5.7400E+00  4.9858E-03
 -5.7281E+00  5.8319E-03
 -5.7162E+00  7.5847E-03
 -5.7043E+00  9.6571E-03
 -5.6924E+00  1.1855E-02
 -5.6805E+00  1.4242E-02
 -5.6686E+00  1.6909E-02
 -5.6567E+00  1.9765E-02
 -5.6448E+00  2.2447E-02
 -5.6329E+00  2.4381E-02
 -5.6210E+00  2.4980E-02
 -5.6091E+00  2.3875E-02
 -5.5971E+00  2.1095E-02
 -5.5852E+00  1.7101E-02
 -5.5733E+00  1.2667E-02
 -5.5614E+00  8.6323E-03
 -5.5495E+00  5.6473E-03
 -5.5376E+00  3.9857E-03
 -5.5257E+00  3.5057E-03
 -5.5138E+00  3.7551E-03
 -5.5019E+00  4.1739E-03
 -5.4900E+00  4.3139E-03
 -5.4781E+00  3.9876E-03
 -5.4661E+00  3.2947E-03
 -5.4542E+00  2.5258E-03
 -5.4423E+00  1.9966E-03
 -5.4304E+00  1.8899E-03
 -5.4185E+00  2.1750E-03
 -5.4066E+00  2.6341E-03
 -5.3947E+00  2.9796E-03
 -5.3828E+00  3.0062E-03
 -5.3709E+00  2.7062E-03
 -5.3590E+00  2.2916E-03
 -5.3471E+00  2.1119E-03
 -5.3351E+00  2.4997E-03
 -5.3232E+00  3.6114E-03
 -5.3113E+00  5.3297E-03
 -5.2994E+00  7.2740E-03
 -5.2875E+00  8.9193E-03
 -5.2756E+00  9.7816E-03
 -5.2637E+00  9.5951E-03
 -5.2518E+00  8.4104E-03
 -5.2399E+00  6.5763E-03
 -5.2280E+00  4.6137E-03
 -5.2161E+00  3.0338E-03
 -5.2042E+00  2.1656E-03
 -5.1922E+00  2.0597E-03
 -5.1803E+00  2.4982E-03
 -5.1684E+00  3.1062E-03
 -5.1565E+00  3.5124E-03
 -5.1446E+00  3.4945E-03
 -5.1327E+00  3.0523E-03
 -5.1208E+00  2.3860E-03
 -5.1089E+00  1.7952E-03
 -5.0970E+00  1.5433E-03
 -5.0851E+00  1.7443E-03
 -5.0732E+00  2.3178E-03
 -5.0612E+00  3.0274E-03
 -5.0493E+00  3.5816E-03
 -5.0374E+00  3.7532E-03
 -5.0255E+00  3.4668E-03
 -5.0136E+00  2.8226E-03
 -5.0017E+00  2.0490E-03
 -4.9898E+00  1.4068E-03
 -4.9779E+00  1.0862E-03
 -4.9660E+00  1.1389E-03
 -4.9541E+00  1.4718E-03
 -4.9422E+00  1.8977E-03
 -4.9302E+00  2.2185E-03
 -4.9183E+00  2.3061E-03
 -4.9064E+00  2.1465E-03
 -4.8945E+00  1.8345E-03
 -4.8826E+00  1.5229E-03
 -4.8707E+00  1.3529E-03
 -4.8588E+00  1.3956E-03
 -4.8469E+00  1.6294E-03
 -4.8350E+00  1.9570E-03
 -4.8231E+00  2.2518E-03
 -4.8112E+00  2.4106E-03
 -4.7993E+00  2.3902E-03
 -4.7873E+00  2.2148E-03
 -4.7754E+00  1.9533E-03
 -4.7635E+00  1.6828E-03
 -4.7516E+00  1.4565E-03
 -4.7397E+00  1.2899E-03
 -4.7278E+00  1.1703E-03
 -4.7159E+00  1.0777E-03
 -4.7040E+00  1.0069E-03
 -4.6921E+00  9.7461E-04
 -4.6802E+00  1.0078E-03
 -4.6683E+00  1.1215E-03
 -4.6563E+00  1.2985E-03
 -4.6444E+00  1.4852E-03
 -4.6325E+00  1.6093E-03
 -4.6206E+00  1.6131E-03
 -4.6087E+00  1.4877E-03
 -4.5968E+00  1.2888E-03
 -4.5849E+00  1.1232E-03
 -4.5730E+00  1.1073E-03
 -4.5611E+00  1.3147E-03
 -4.5492E+00  1.7360E-03
 -4.5373E+00  2.2714E-03
 -4.5253E+00  2.7612E-03
 -4.5134E+00  3.0472E-03
 -4.5015E+00  3.0386E-03
 -4.4896E+00  2.7538E-03
 -4.4777E+00  2.3178E-03
 -4.4658E+00  1.9125E-03
 -4.4539E+00  1.7024E-03
 -4.4420E+00  1.7640E-03
 -4.4301E+00  2.0533E-03
 -4.4182E+00  2.4246E-03
 -4.4063E+00  2.6969E-03
 -4.3944E+00  2.7404E-03
 -4.3824E+00  2.5435E-03
 -4.3705E+00  2.2305E-03
 -4.3586E+00  2.0191E-03
 -4.3467E+00  2.1343E-03
 -4.3348E+00  2.7114E-03
 -4.3229E+00  3.7299E-03
 -4.3110E+00  5.0063E-03
 -4.2991E+00  6.2523E-03
 -4.2872E+00  7.1748E-03
 -4.2753E+00  7.5746E-03
 -4.2634E+00  7.4065E-03
 -4.2514E+00  6.7780E-03
 -4.2395E+00  5.8933E-03
 -4.2276E+00  4.9690E-03
 -4.2157E+00  4.1589E-03
 -4.2038E+00  3.5192E-03
 -4.1919E+00  3.0275E-03
 -4.1800E+00  2.6382E-03
 -4.1681E+00  2.3412E-03
 -4.1562E+00  2.1892E-03
 -4.1443E+00  2.2752E-03
 -4.1324E+00  2.6698E-03
 -4.1204E+00  3.3507E-03
 -4.1085E+00  4.1692E-03
 -4.0966E+00  4.8855E-03
 -4.0847E+00  5.2715E-03
 -4.0728E+00  5.2456E-03
 -4.0609E+00  4.9832E-03
 -4.0490E+00  4.9456E-03
 -4.0371E+00  5.7945E-03
 -4.0252E+00  8.2014E-03
 -4.0133E+00  1.2608E-02
 -4.0014E+00  1.9026E-02
 -3.9895E+00  2.6958E-02
 -3.9775E+00  3.5475E-02
 -3.9656E+00  4.3425E-02
 -3.9537E+00  4.9719E-02
 -3.9418E+00  5.3595E-02
 -3.9299E+00  5.4789E-02
 -3.9180E+00  5.3547E-02
 -3.9061E+00  5.0490E-02
 -3.8942E+00  4.6384E-02
 -3.8823E+00  4.1927E-02
 -3.8704E+00  3.7644E-02
 -3.8585E+00  3.3928E-02
 -3.8465E+00  3.1199E-02
 -3.8346E+00  3.0086E-02
 -3.8227E+00  3.1524E-02
 -3.8108E+00  3.6691E-02
 -3.7989E+00  4.6749E-02
 -3.7870E+00  6.2456E-02
 -3.7751E+00  8.3750E-02
 -3.7632E+00  1.0943E-01
 -3.7513E+00  1.3710E-01
 -3.7394E+00  1.6345E-01
 -3.7275E+00  1.8480E-01
 -3.7155E+00  1.9792E-01
 -3.7036E+00  2.0062E-01
 -3.6917E+00  1.9230E-01
 -3.6798E+00  1.7402E-01
 -3.6679E+00  1.4832E-01
 -3.6560E+00  1.1878E-01
 -3.6441E+00  8.9305E-02
 -3.6322E+00  6.3365E-02
 -3.6203E+00  4.3391E-02
 -3.6084E+00  3.0442E-02
 -3.5965E+00  2.4227E-02
 -3.5846E+00  2.3429E-02
 -3.5726E+00  2.6177E-02
 -3.5607E+00  3.0548E-02
 -3.5488E+00  3.4973E-02
 -3.5369E+00  3.8464E-02
 -3.5250E+00  4.0632E-02
 -3.5131E+00  4.1527E-02
 -3.5012E+00  4.1391E-02
 -3.4893E+00  4.0444E-02
 -3.4774E+00  3.8768E-02
 -3.4655E+00  3.6308E-02
 -3.4536E+00  3.2973E-02
 -3.4416E+00  2.8754E-02
 -3.4297E+00  2.3832E-02
 -3.4178E+00  1.8595E-02
 -3.4059E+00  1.3584E-02
 -3.3940E+00  9.3493E-03
 -3.3821E+00  6.3012E-03
 -3.3702E+00  4.5831E-03
 -3.3583E+00  4.0388E-03
 -3.3464E+00  4.2790E-03
 -3.3345E+00  4.8215E-03
 -3.3226E+00  5.2490E-03
 -3.3106E+00  5.3245E-03
 -3.2987E+00  5.0290E-03
 -3.2868E+00  4.5188E-03
 -3.2749E+00  4.0265E-03
 -3.2630E+00  3.7494E-03
 -3.2511E+00  3.7727E-03
 -3.2392E+00  4.0544E-03
 -3.2273E+00  4.4690E-03
 -3.2154E+00  4.8813E-03
 -3.2035E+00  5.2097E-03
 -3.1916E+00  5.4529E-03
 -3.1797E+00  5.6699E-03
 -3.1677E+00  5.9296E-03
 -3.1558E+00  6.2572E-03
 -3.1439E+00  6.6090E-03
 -3.1320E+00  6.8865E-03
 -3.1201E+00  6.9834E-03
 -3.1082E+00  6.8392E-03
 -3.0963E+00  6.4727E-03
 -3.0844E+00  5.9786E-03
 -3.0725E+00  5.4848E-03
 -3.0606E+00  5.0926E-03
 -3.0487E+00  4.8321E-03
 -3.0367E+00  4.6569E-03
 -3.0248E+00  4.4806E-03
 -3.0129E+00  4.2362E-03
 -3.0010E+00  3.9274E-03
 -2.9891E+00  3.6419E-03
 -2.9772E+00  3.5158E-03
 -2.9653E+00  3.6608E-03
 -2.9534E+00  4.0927E-03
 -2.9415E+00  4.6986E-03
 -2.9296E+00  5.2654E-03
 -2.9177E+00  5.5602E-03
 -2.9058E+00  5.4338E-03
 -2.8938E+00  4.8989E-03
 -2.8819E+00  4.1427E-03
 -2.8700E+00  3.4592E-03
 -2.8581E+00  3.1266E-03
 -2.8462E+00  3.2868E-03
 -2.8343E+00  3.8785E-03
 -2.8224E+00  4.6555E-03
 -2.8105E+00  5.2855E-03
 -2.7986E+00  5.4926E-03
 -2.7867E+00  5.1814E-03
 -2.7748E+00  4.4838E-03
 -2.7628E+00  3.7066E-03
 -2.7509E+00  3.2043E-03
 -2.7390E+00  3.2347E-03
 -2.7271E+00  3.8558E-03
 -2.7152E+00  4.9043E-03
 -2.7033E+00  6.0647E-03
 -2.6914E+00  6.9974E-03
 -2.6795E+00  7.4655E-03
 -2.6676E+00  7.4030E-03
 -2.6557E+00  6.9034E-03
 -2.6438E+00  6.1490E-03
 -2.6318E+00  5.3233E-03
 -2.6199E+00  4.5496E-03
 -2.6080E+00  3.8811E-03
 -2.5961E+00  3.3373E-03
 -2.5842E+00  2.9529E-03
 -2.5723E+00  2.8000E-03
 -2.5604E+00  2.9619E-03
 -2.5485E+00  3.4679E-03
 -2.5366E+00  4.2265E-03
 -2.5247E+00  5.0083E-03
 -2.5128E+00  5.5139E-03
 -2.5009E+00  5.5124E-03
 -2.4889E+00  4.9858E-03
 -2.4770E+00  4.2013E-03
 -2.4651E+00  3.6605E-03
 -2.4532E+00  3.9240E-03
 -2.4413E+00  5.3613E-03
 -2.4294E+00  7.9308E-03
 -2.4175E+00  1.1112E-02
 -2.4056E+00  1.4053E-02
 -2.3937E+00  1.5885E-02
 -2.3818E+00  1.6066E-02
 -2.3699E+00  1.4630E-02
 -2.3579E+00  1.2218E-02
 -2.3460E+00  9.8518E-03
 -2.3341E+00  8.5172E-03
 -2.3222E+00  8.7266E-03
 -2.3103E+00  1.0285E-02
 -2.2984E+00  1.2372E-02
 -2.2865E+00  1.3918E-02
 -2.2746E+00  1.4113E-02
 -2.2627E+00  1.2860E-02
 -2.2508E+00  1.0935E-02
 -2.2389E+00  9.7357E-03
 -2.2269E+00  1.0711E-02
 -2.2150E+00  1.4724E-02
 -2.2031E+00  2.1628E-02
 -2.1912E+00  3.0202E-02
 -2.1793E+00  3.8518E-02
 -2.1674E+00  4.4639E-02
 -2.1555E+00  4.7347E-02
 -2.1436E+00  4.6537E-02
 -2.1317E+00  4.3096E-02
 -2.1198E+00  3.8376E-02
 -2.1079E+00  3.3574E-02
 -2.0960E+00  2.9296E-02
 -2.0840E+00  2.5507E-02
 -2.0721E+00  2.1879E-02
 -2.0602E+00  1.8329E-02
 -2.0483E+00  1.5427E-02
 -2.0364E+00  1.4385E-02
 -2.0245E+00  1.6551E-02
 -2.0126E+00  2.2542E-02
 -2.0007E+00  3.1440E-02
 -1.9888E+00  4.0649E-02
 -1.9769E+00  4.6748E-02
 -1.9650E+00  4.7130E-02
 -1.9530E+00  4.1748E-02
 -1.9411E+00  3.4347E-02
 -1.9292E+00  3.2535E-02
 -1.9173E+00  4.6131E-02
 -1.9054E+00  8.3942E-02
 -1.8935E+00  1.5027E-01
 -1.8816E+00  2.4269E-01
 -1.8697E+00  3.5176E-01
 -1.8578E+00  4.6228E-01
 -1.8459E+00  5.5657E-01
 -1.8340E+00  6.1948E-01
 -1.8220E+00  6.4367E-01
 -1.8101E+00  6.3162E-01
 -1.7982E+00  5.9293E-01
 -1.7863E+00  5.3907E-01
 -1.7744E+00  4.7890E-01
 -1.7625E+00  4.1668E-01
 -1.7506E+00  3.5315E-01
 -1.7387E+00  2.8886E-01
 -1.7268E+00  2.2868E-01
 -1.7149E+00  1.8602E-01
 -1.7030E+00  1.8540E-01
 -1.6911E+00  2.6045E-01
 -1.6791E+00  4.4506E-01
 -1.6672E+00  7.6070E-01
 -1.6553E+00  1.2069E+00
 -1.6434E+00  1.7572E+00
 -1.6315E+00  2.3565E+00
 -1.6196E+00  2.9199E+00
 -1.6077E+00  3.3478E+00
 -1.5958E+00  3.5600E+00
 -1.5839E+00  3.5276E+00
 -1.5720E+00  3.2713E+00
 -1.5601E+00  2.8359E+00
 -1.5481E+00  2.2774E+00
 -1.5362E+00  1.6718E+00
 -1.5243E+00  1.1125E+00
 -1.5124E+00  6.7547E-01
 -1.5005E+00  3.8905E-01
 -1.4886E+00  2.4162E-01
 -1.4767E+00  2.0314E-01
 -1.4648E+00  2.3524E-01
 -1.4529E+00  3.0077E-01
 -1.4410E+00  3.7299E-01
 -1.4291E+00  4.3490E-01
 -1.4171E+00  4.7931E-01
 -1.4052E+00  5.1896E-01
 -1.3933E+00  5.9070E-01
 -1.3814E+00  6.4120E-01
 -1.3695E+00  5.8089E-01
 -1.3576E+00  7.0008E-01
 -1.3457E+00  2.6073E-01
 -1.3338E+00  1.3025E+00
 -1.3219E+00  2.1391E-01
 -1.3100E+00  3.6468E-01
 -1.2981E+00  6.2663E-02
 -1.2862E+00  1.4726E-01
 -1.2742E+00  2.2750E-01
 -1.2623E+00  3.3451E-02
 -1.2504E+00  2.4307E-02
 -1.2385E+00  2.3838E-02
 -1.2266E+00  1.7655E-02
 -1.2147E+00  1.6867E-01
 -1.2028E+00  8.6007E-02
 -1.1909E+00  2.2148E-02
 -1.1790E+00  1.4437E-02
 -1.1671E+00  1.0991E-02
 -1.1552E+00  2.1830E-02
 -1.1432E+00  1.9719E-03
 -1.1313E+00  1.2149E-03
 -1.1194E+00  1.1826E-03
 -1.1075E+00  1.1750E-03
 -1.0956E+00  1.1019E-03
 -1.0837E+00  9.6311E-04
 -1.0718E+00  7.9077E-04
 -1.0599E+00  6.2998E-04
 -1.0480E+00  5.4303E-04
 -1.0361E+00  2.9339E-03
 -1.0242E+00  3.8758E-02
 -1.0122E+00  1.3150E-02
 -1.0003E+00  7.2374E-02
 -9.8843E-01  3.2737E-02
 -9.7652E-01  4.4858E-02
 -9.6461E-01  2.6114E-02
 -9.5271E-01  7.7594E-03
 -9.4080E-01  8.2092E-03
 -9.2889E-01  8.3909E-04
 -9.1698E-01  6.6305E-04
 -9.0507E-01  4.0396E-04
 -8.9316E-01  6.4043E-04
 -8.8125E-01  2.0683E-03
 -8.6934E-01  2.5126E-02
 -8.5743E-01  3.2200E-04
 -8.4553E-01  2.4431E-04
 -8.3362E-01  5.3955E-04
 -8.2171E-01  1.4093E-02
 -8.0980E-01  1.8636E-04
 -7.9789E-01  9.4267E-05
 -7.8598E-01  8.8736E-05
 -7.7407E-01  1.0168E-04
 -7.6216E-01  2.4639E-04
 -7.5026E-01  3.9616E-04
 -7.3835E-01  8.4157E-05
 -7.2644E-01  7.0397E-05
 -7.1453E-01  3.7903E-04
 -7.0262E-01  5.9726E-05
 -6.9071E-01  7.2897E-05
 -6.7880E-01  1.1736E-04
 -6.6689E-01  5.5068E-05
 -6.5498E-01  4.0126E-04
 -6.4308E-01  5.8912E-05
 -6.3117E-01  9.3974E-05
 -6.1926E-01  7.3856E-05
 -6.0735E-01  1.3166E-04
 -5.9544E-01  6.6286E-05
 -5.8353E-01  1.1401E-04
 -5.7162E-01  5.0053E-05
 -5.5971E-01  5.0972E-04
 -5.4781E-01  5.7236E-05
 -5.3590E-01  9.2525E-05
 -5.2399E-01  7.6966E-05
 -5.1208E-01  7.4088E-05
 -5.0017E-01  2.2565E-04
 -4.8826E-01  6.3976E-05
 -4.7635E-01  6.8696E-05
 -4.6444E-01  1.4481E-04
 -4.5253E-01  8.0032E-05
 -4.4063E-01  1.4469E-04
 -4.2872E-01  5.5819E-04
 -4.1681E-01  1.1588E-04
 -4.0490E-01  1.2616E-04
 -3.9299E-01  9.3238E-03
 -3.8108E-01  1.1092E-04
 -3.6917E-01  6.1809E-05
 -3.5726E-01  6.1267E-05
 -3.4536E-01  1.7393E-03
 -3.3345E-01  5.2317E-05
 -3.2154E-01  5.9611E-05
 -3.0963E-01  7.4888E-05
 -2.9772E-01  1.0334E-04
 -2.8581E-01  1.3279E-04
 -2.7390E-01  1.2052E-04
 -2.6199E-01  1.2401E-04
 -2.5009E-01  1.3514E-04
 -2.3818E-01  2.1325E-04
 -2.2627E-01  6.3286E-03
 -2.1436E-01  5.2649E-04
 -2.0245E-01  2.2111E-04
 -1.9054E-01  1.7252E-04
 -1.7863E-01  1.5944E-04
 -1.6672E-01  1.5869E-04
 -1.5481E-01  1.6725E-04
 -1.4291E-01  1.9143E-04
 -1.3100E-01  2.7175E-04
 -1.1909E-01  1.9019E-03
 -1.0718E-01  1.7966E-04
 -9.5271E-02  2.5072E-04
 -8.3362E-02  3.1874E-04
 -7.1453E-02  3.8240E-04
 -5.9544E-02  4.3490E-04
 -4.7635E-02  4.6901E-04
 -3.5726E-02  4.8014E-04
 -2.3818E-02  4.6784E-04
 -1.1909E-02  4.3600E-04
  0.0000E+00  3.9139E-04
  1.1909E-02  3.4149E-04
  2.3818E-02  2.9245E-04
  3.5726E-02  2.4811E-04
  4.7635E-02  2.1025E-04
  5.9544E-02  1.7972E-04
  7.1453E-02  1.5770E-04
  8.3362E-02  1.4610E-04
  9.5271E-02  1.4679E-04
  1.0718E-01  1.5931E-04
  1.1909E-01  4.6315E-04
  1.3100E-01  2.4750E-04
  1.4291E-01  2.6303E-04
  1.5481E-01  2.7190E-04
  1.6672E-01  2.6349E-04
  1.7863E-01  2.4360E-04
  1.9054E-01  2.3340E-04
  2.0245E-01  2.7247E-04
  2.1436E-01  4.7598E-04
  2.2627E-01  2.5378E-03
  2.3818E-01  8.4746E-04
  2.5009E-01  1.2394E-03
  2.6199E-01  1.7144E-03
  2.7390E-01  2.1941E-03
  2.8581E-01  2.6228E-03
  2.9772E-01  2.9134E-03
  3.0963E-01  3.0057E-03
  3.2154E-01  2.9599E-03
  3.3345E-01  2.7836E-03
  3.4536E-01  2.8668E-03
  3.5726E-01  2.2463E-03
  3.6917E-01  1.9712E-03
  3.8108E-01  1.7597E-03
  3.9299E-01  7.8873E-03
  4.0490E-01  1.4485E-03
  4.1681E-01  1.4356E-03
  4.2872E-01  1.8578E-03
  4.4063E-01  2.1634E-03
  4.5253E-01  3.1132E-03
  4.6444E-01  4.6447E-03
  4.7635E-01  6.7119E-03
  4.8826E-01  9.2066E-03
  5.0017E-01  1.4425E-02
  5.1208E-01  1.4387E-02
  5.2399E-01  1.6325E-02
  5.3590E-01  1.7391E-02
  5.4781E-01  1.7138E-02
  5.5971E-01  2.3151E-02
  5.7162E-01  1.3737E-02
  5.8353E-01  1.2121E-02
  5.9544E-01  8.1963E-03
  6.0735E-01  6.5946E-03
  6.1926E-01  3.5327E-03
  6.3117E-01  2.6247E-03
  6.4308E-01  1.7660E-03
  6.5498E-01  1.3136E-01
  6.6689E-01  4.2832E-03
  6.7880E-01  2.7655E-02
  6.9071E-01  2.0258E-02
  7.0262E-01  1.7745E-02
  7.1453E-01  3.9099E+00
  7.2644E-01  3.3737E-02
  7.3835E-01  2.7051E-02
  7.5026E-01  2.0953E-01
  7.6216E-01  7.0149E-02
  7.7407E-01  1.4852E-02
  7.8598E-01  9.6160E-03
  7.9789E-01  8.0052E-03
  8.0980E-01  7.0590E-03
  8.2171E-01  9.2883E-03
  8.3362E-01  3.1906E-03
  8.4553E-01  2.0992E-03
  8.5743E-01  1.3151E-03
  8.6934E-01  1.2353E-03
  8.8125E-01  7.7063E-04
  8.9316E-01  9.5589E-04
  9.0507E-01  1.1577E-03
  9.1698E-01  2.3656E-03
  9.2889E-01  1.4739E-03
  9.4080E-01  1.6591E-03
  9.5271E-01  1.6771E-02
  9.6461E-01  5.8103E-03
  9.7652E-01  4.5687E-02
  9.8843E-01  1.2785E-02
  1.0003E+00  4.3169E-02
  1.0122E+00  8.2620E-02
  1.0242E+00  1.9764E-01
  1.0361E+00  9.0441E-02
  1.0480E+00  3.1133E-03
  1.0599E+00  1.8221E-03
  1.0718E+00  1.7996E-03
  1.0837E+00  2.0766E-03
  1.0956E+00  2.5172E-03
  1.1075E+00  3.1047E-03
  1.1194E+00  4.1640E-03
  1.1313E+00  2.9262E-02
  1.1432E+00  6.4445E-03
  1.1552E+00  7.7499E-03
  1.1671E+00  2.0698E-02
  1.1790E+00  6.4691E-02
  1.1909E+00  1.6560E-02
  1.2028E+00  1.7430E-02
  1.2147E+00  1.5738E-02
  1.2266E+00  2.3270E-02
  1.2385E+00  4.1982E-02
  1.2504E+00  9.1165E-02
  1.2623E+00  1.2794E-02
  1.2742E+00  4.8958E-03
  1.2862E+00  1.1602E-02
  1.2981E+00  1.8293E-02
  1.3100E+00  2.0257E-02
  1.3219E+00  5.0870E-02
  1.3338E+00  2.7563E-02
  1.3457E+00  3.9857E-02
  1.3576E+00  3.1660E-02
  1.3695E+00  2.7374E-02
  1.3814E+00  1.5282E-02
  1.3933E+00  9.6706E-03
  1.4052E+00  1.0757E-02
  1.4171E+00  1.6626E-02
  1.4291E+00  2.3813E-02
  1.4410E+00  2.9042E-02
  1.4529E+00  3.0413E-02
  1.4648E+00  2.7373E-02
  1.4767E+00  2.1231E-02
  1.4886E+00  1.4903E-02
  1.5005E+00  1.1243E-02
  1.5124E+00  1.1674E-02
  1.5243E+00  1.5883E-02
  1.5362E+00  2.2041E-02
  1.5481E+00  2.7558E-02
  1.5601E+00  3.0355E-02
  1.5720E+00  2.9738E-02
  1.5839E+00  2.6288E-02
  1.5958E+00  2.1307E-02
  1.6077E+00  1.6298E-02
  1.6196E+00  1.2445E-02
  1.6315E+00  1.0197E-02
  1.6434E+00  9.2660E-03
  1.6553E+00  9.0060E-03
  1.6672E+00  8.8662E-03
  1.6791E+00  8.6650E-03
  1.6911E+00  8.6031E-03
  1.7030E+00  9.0125E-03
  1.7149E+00  1.0011E-02
  1.7268E+00  1.1321E-02
  1.7387E+00  1.2360E-02
  1.7506E+00  1.2529E-02
  1.7625E+00  1.1593E-02
  1.7744E+00  9.9418E-03
  1.7863E+00  8.5127E-03
  1.7982E+00  8.3534E-03
  1.8101E+00  1.0090E-02
  1.8220E+00  1.3566E-02
  1.8340E+00  1.7787E-02
  1.8459E+00  2.1246E-02
  1.8578E+00  2.2568E-02
  1.8697E+00  2.1181E-02
  1.8816E+00  1.7617E-02
  1.8935E+00  1.3312E-02
  1.9054E+00  1.0021E-02
  1.9173E+00  9.0843E-03
  1.9292E+00  1.0828E-02
  1.9411E+00  1.4383E-02
  1.9530E+00  1.8074E-02
  1.9650E+00  2.0188E-02
  1.9769E+00  1.9757E-02
  1.9888E+00  1.7044E-02
  2.0007E+00  1.3552E-02
  2.0126E+00  1.1467E-02
  2.0245E+00  1.2731E-02
  2.0364E+00  1.8158E-02
  2.0483E+00  2.7039E-02
  2.0602E+00  3.7351E-02
  2.0721E+00  4.6425E-02
  2.0840E+00  5.1862E-02
  2.0960E+00  5.2388E-02
  2.1079E+00  4.8276E-02
  2.1198E+00  4.1096E-02
  2.1317E+00  3.2936E-02
  2.1436E+00  2.5577E-02
  2.1555E+00  1.9963E-02
  2.1674E+00  1.6139E-02
  2.1793E+00  1.3566E-02
  2.1912E+00  1.1668E-02
  2.2031E+00  1.0280E-02
  2.2150E+00  9.7630E-03
  2.2269E+00  1.0720E-02
  2.2389E+00  1.3485E-02
  2.2508E+00  1.7689E-02
  2.2627E+00  2.2154E-02
  2.2746E+00  2.5287E-02
  2.2865E+00  2.5885E-02
  2.2984E+00  2.3969E-02
  2.3103E+00  2.1195E-02
  2.3222E+00  2.0591E-02
  2.3341E+00  2.5660E-02
  2.3460E+00  3.9101E-02
  2.3579E+00  6.1567E-02
  2.3699E+00  9.1020E-02
  2.3818E+00  1.2308E-01
  2.3937E+00  1.5232E-01
  2.4056E+00  1.7399E-01
  2.4175E+00  1.8540E-01
  2.4294E+00  1.8649E-01
  2.4413E+00  1.7951E-01
  2.4532E+00  1.6792E-01
  2.4651E+00  1.5495E-01
  2.4770E+00  1.4244E-01
  2.4889E+00  1.3034E-01
  2.5009E+00  1.1744E-01
  2.5128E+00  1.0294E-01
  2.5247E+00  8.8279E-02
  2.5366E+00  7.8367E-02
  2.5485E+00  8.1275E-02
  2.5604E+00  1.0634E-01
  2.5723E+00  1.6121E-01
  2.5842E+00  2.4884E-01
  2.5961E+00  3.6512E-01
  2.6080E+00  4.9818E-01
  2.6199E+00  6.2993E-01
  2.6318E+00  7.3978E-01
  2.6438E+00  8.0963E-01
  2.6557E+00  8.2815E-01
  2.6676E+00  7.9307E-01
  2.6795E+00  7.1111E-01
  2.6914E+00  5.9612E-01
  2.7033E+00  4.6599E-01
  2.7152E+00  3.3889E-01
  2.7271E+00  2.2964E-01
  2.7390E+00  1.4717E-01
  2.7509E+00  9.3826E-02
  2.7628E+00  6.6605E-02
  2.7748E+00  5.9386E-02
  2.7867E+00  6.5302E-02
  2.7986E+00  7.8487E-02
  2.8105E+00  9.4912E-02
  2.8224E+00  1.1232E-01
  2.8343E+00  1.2955E-01
  2.8462E+00  1.4560E-01
  2.8581E+00  1.5901E-01
  2.8700E+00  1.6772E-01
  2.8819E+00  1.6951E-01
  2.8938E+00  1.6279E-01
  2.9058E+00  1.4734E-01
  2.9177E+00  1.2468E-01
  2.9296E+00  9.7777E-02
  2.9415E+00  7.0329E-02
  2.9534E+00  4.5874E-02
  2.9653E+00  2.6975E-02
  2.9772E+00  1.4731E-02
  2.9891E+00  8.7148E-03
  3.0010E+00  7.3163E-03
  3.0129E+00  8.3881E-03
  3.0248E+00  9.9482E-03
  3.0367E+00  1.0697E-02
  3.0487E+00  1.0209E-02
  3.0606E+00  8.8020E-03
  3.0725E+00  7.1928E-03
  3.0844E+00  6.0848E-03
  3.0963E+00  5.8523E-03
  3.1082E+00  6.4172E-03
  3.1201E+00  7.3411E-03
  3.1320E+00  8.0574E-03
  3.1439E+00  8.1279E-03
  3.1558E+00  7.4173E-03
  3.1677E+00  6.1275E-03
  3.1797E+00  4.6927E-03
  3.1916E+00  3.5856E-03
  3.2035E+00  3.1227E-03
  3.2154E+00  3.3510E-03
  3.2273E+00  4.0541E-03
  3.2392E+00  4.8617E-03
  3.2511E+00  5.4059E-03
  3.2630E+00  5.4606E-03
  3.2749E+00  5.0105E-03
  3.2868E+00  4.2299E-03
  3.2987E+00  3.3862E-03
  3.3106E+00  2.7201E-03
  3.3226E+00  2.3562E-03
  3.3345E+00  2.2763E-03
  3.3464E+00  2.3573E-03
  3.3583E+00  2.4463E-03
  3.3702E+00  2.4369E-03
  3.3821E+00  2.3107E-03
  3.3940E+00  2.1279E-03
  3.4059E+00  1.9797E-03
  3.4178E+00  1.9293E-03
  3.4297E+00  1.9752E-03
  3.4416E+00  2.0530E-03
  3.4536E+00  2.0722E-03
  3.4655E+00  1.9694E-03
  3.4774E+00  1.7477E-03
  3.4893E+00  1.4809E-03
  3.5012E+00  1.2800E-03
  3.5131E+00  1.2370E-03
  3.5250E+00  1.3760E-03
  3.5369E+00  1.6350E-03
  3.5488E+00  1.8888E-03
  3.5607E+00  2.0047E-03
  3.5726E+00  1.9053E-03
  3.5846E+00  1.6080E-03
  3.5965E+00  1.2226E-03
  3.6084E+00  9.0607E-04
  3.6203E+00  7.9663E-04
  3.6322E+00  9.5501E-04
  3.6441E+00  1.3384E-03
  3.6560E+00  1.8184E-03
  3.6679E+00  2.2347E-03
  3.6798E+00  2.4597E-03
  3.6917E+00  2.4443E-03
  3.7036E+00  2.2265E-03
  3.7155E+00  1.9027E-03
  3.7275E+00  1.5799E-03
  3.7394E+00  1.3305E-03
  3.7513E+00  1.1716E-03
  3.7632E+00  1.0741E-03
  3.7751E+00  9.9541E-04
  3.7870E+00  9.1221E-04
  3.7989E+00  8.3654E-04
  3.8108E+00  8.0526E-04
  3.8227E+00  8.5085E-04
  3.8346E+00  9.7134E-04
  3.8465E+00  1.1191E-03
  3.8585E+00  1.2190E-03
  3.8704E+00  1.2093E-03
  3.8823E+00  1.0845E-03
  3.8942E+00  9.1429E-04
  3.9061E+00  8.2421E-04
  3.9180E+00  9.4205E-04
  3.9299E+00  1.3316E-03
  3.9418E+00  1.9459E-03
  3.9537E+00  2.6264E-03
  3.9656E+00  3.1577E-03
  3.9775E+00  3.3553E-03
  3.9895E+00  3.1499E-03
  4.0014E+00  2.6266E-03
  4.0133E+00  1.9992E-03
  4.0252E+00  1.5244E-03
  4.0371E+00  1.3922E-03
  4.0490E+00  1.6382E-03
  4.0609E+00  2.1246E-03
  4.0728E+00  2.6006E-03
  4.0847E+00  2.8191E-03
  4.0966E+00  2.6593E-03
  4.1085E+00  2.1977E-03
  4.1204E+00  1.6944E-03
  4.1324E+00  1.4924E-03
  4.1443E+00  1.8700E-03
  4.1562E+00  2.9119E-03
  4.1681E+00  4.4570E-03
  4.1800E+00  6.1492E-03
  4.1919E+00  7.5672E-03
  4.2038E+00  8.3802E-03
  4.2157E+00  8.4629E-03
  4.2276E+00  7.9235E-03
  4.2395E+00  7.0321E-03
  4.2514E+00  6.0866E-03
  4.2634E+00  5.2840E-03
  4.2753E+00  4.6600E-03
  4.2872E+00  4.1255E-03
  4.2991E+00  3.5720E-03
  4.3110E+00  2.9884E-03
  4.3229E+00  2.5164E-03
  4.3348E+00  2.4047E-03
  4.3467E+00  2.8715E-03
  4.3586E+00  3.9438E-03
  4.3705E+00  5.3662E-03
  4.3824E+00  6.6511E-03
  4.3944E+00  7.2808E-03
  4.4063E+00  6.9971E-03
  4.4182E+00  6.0586E-03
  4.4301E+00  5.3279E-03
  4.4420E+00  6.1031E-03
  4.4539E+00  9.7106E-03
  4.4658E+00  1.6993E-02
  4.4777E+00  2.7887E-02
  4.4896E+00  4.1259E-02
  4.5015E+00  5.5110E-02
  4.5134E+00  6.7089E-02
  4.5253E+00  7.5176E-02
  4.5373E+00  7.8285E-02
  4.5492E+00  7.6538E-02
  4.5611E+00  7.1103E-02
  4.5730E+00  6.3657E-02
  4.5849E+00  5.5715E-02
  4.5968E+00  4.8118E-02
  4.6087E+00  4.0935E-02
  4.6206E+00  3.3829E-02
  4.6325E+00  2.6767E-02
  4.6444E+00  2.0756E-02
  4.6563E+00  1.8236E-02
  4.6683E+00  2.2875E-02
  4.6802E+00  3.8685E-02
  4.6921E+00  6.8661E-02
  4.7040E+00  1.1334E-01
  4.7159E+00  1.6983E-01
  4.7278E+00  2.3179E-01
  4.7397E+00  2.9042E-01
  4.7516E+00  3.3633E-01
  4.7635E+00  3.6166E-01
  4.7754E+00  3.6196E-01
  4.7873E+00  3.3727E-01
  4.7993E+00  2.9211E-01
  4.8112E+00  2.3435E-01
  4.8231E+00  1.7330E-01
  4.8350E+00  1.1748E-01
  4.8469E+00  7.2932E-02
  4.8588E+00  4.2343E-02
  4.8707E+00  2.5270E-02
  4.8826E+00  1.9080E-02
  4.8945E+00  2.0262E-02
  4.9064E+00  2.5620E-02
  4.9183E+00  3.2999E-02
  4.9302E+00  4.1404E-02
  4.9422E+00  5.0592E-02
  4.9541E+00  6.0425E-02
  4.9660E+00  7.0310E-02
  4.9779E+00  7.8987E-02
  4.9898E+00  8.4754E-02
  5.0017E+00  8.5997E-02
  5.0136E+00  8.1812E-02
  5.0255E+00  7.2410E-02
  5.0374E+00  5.9160E-02
  5.0493E+00  4.4237E-02
  5.0612E+00  3.0025E-02
  5.0732E+00  1.8480E-02
  5.0851E+00  1.0661E-02
  5.0970E+00  6.5807E-03
  5.1089E+00  5.3815E-03
  5.1208E+00  5.7645E-03
  5.1327E+00  6.4795E-03
  5.1446E+00  6.7009E-03
  5.1565E+00  6.1756E-03
  5.1684E+00  5.1351E-03
  5.1803E+00  4.0500E-03
  5.1922E+00  3.3499E-03
  5.2042E+00  3.2257E-03
  5.2161E+00  3.5809E-03
  5.2280E+00  4.1268E-03
  5.2399E+00  4.5555E-03
  5.2518E+00  4.6973E-03
  5.2637E+00  4.5936E-03
  5.2756E+00  4.4570E-03
  5.2875E+00  4.5490E-03
  5.2994E+00  5.0347E-03
  5.3113E+00  5.8853E-03
  5.3232E+00  6.8717E-03
  5.3351E+00  7.6516E-03
  5.3471E+00  7.9063E-03
  5.3590E+00  7.4698E-03
  5.3709E+00  6.3966E-03
  5.3828E+00  4.9424E-03
  5.3947E+00  3.4682E-03
  5.4066E+00  2.3089E-03
  5.4185E+00  1.6594E-03
  5.4304E+00  1.5238E-03
  5.4423E+00  1.7408E-03
  5.4542E+00  2.0679E-03
  5.4661E+00  2.2844E-03
  5.4781E+00  2.2727E-03
  5.4900E+00  2.0470E-03
  5.5019E+00  1.7252E-03
  5.5138E+00  1.4610E-03
  5.5257E+00  1.3691E-03
  5.5376E+00  1.4757E-03
  5.5495E+00  1.7126E-03
  5.5614E+00  1.9526E-03
  5.5733E+00  2.0663E-03
  5.5852E+00  1.9772E-03
  5.5971E+00  1.6896E-03
  5.6091E+00  1.2821E-03
  5.6210E+00  8.7096E-04
  5.6329E+00  5.6245E-04
  5.6448E+00  4.1440E-04
  5.6567E+00  4.2121E-04
  5.6686E+00  5.2523E-04
  5.6805E+00  6.4684E-04
  5.6924E+00  7.1891E-04
  5.7043E+00  7.1104E-04
  5.7162E+00  6.3478E-04
  5.7281E+00  5.3052E-04
  5.7400E+00  4.4432E-04
  5.7520E+00  4.0613E-04
  5.7639E+00  4.1841E-04
  5.7758E+00  4.5860E-04
  5.7877E+00  4.9266E-04
  5.7996E+00  4.9217E-04
  5.8115E+00  4.4706E-04
  5.8234E+00  3.6856E-04
  5.8353E+00  2.8235E-04
  5.8472E+00  2.1621E-04
  5.8591E+00  1.8809E-04
  5.8710E+00  1.9981E-04
  5.8830E+00  2.3833E-04
  5.8949E+00  2.8316E-04
  5.9068E+00  3.1590E-04
  5.9187E+00  3.2724E-04
  5.9306E+00  3.1881E-04
  5.9425E+00  2.9978E-04
  5.9544E+00  2.8078E-04
  5.9663E+00  2.6823E-04
  5.9782E+00  2.6192E-04
  5.9901E+00  2.5646E-04
  6.0020E+00  2.4534E-04
  6.0140E+00  2.2530E-04
  6.0259E+00  1.9848E-04
  6.0378E+00  1.7156E-04
  6.0497E+00  1.5238E-04
  6.0616E+00  1.4606E-04
  6.0735E+00  1.5252E-04
  6.0854E+00  1.6659E-04
  6.0973E+00  1.8074E-04
  6.1092E+00  1.8877E-04
  6.1211E+00  1.8865E-04
  6.1330E+00  1.8311E-04
  6.1449E+00  1.7779E-04
  6.1569E+00  1.7809E-04
  6.1688E+00  1.8622E-04
  6.1807E+00  2.0008E-04
  6.1926E+00  2.1442E-04
  6.2045E+00  2.2371E-04
  6.2164E+00  2.2504E-04
  6.2283E+00  2.1983E-04
  6.2402E+00  2.1323E-04
  6.2521E+00  2.1171E-04
  6.2640E+00  2.2004E-04
  6.2759E+00  2.3906E-04
  6.2879E+00  2.6541E-04
  6.2998E+00  2.9321E-04
  6.3117E+00  3.1680E-04
  6.3236E+00  3.3298E-04
  6.3355E+00  3.4176E-04
  6.3474E+00  3.4539E-04
  6.3593E+00  3.4628E-04
  6.3712E+00  3.4520E-04
  6.3831E+00  3.4083E-04
  6.3950E+00  3.3109E-04
  6.4069E+00  3.1542E-04
  6.4188E+00  2.9651E-04
  6.4308E+00  2.8018E-04
  6.4427E+00  2.7297E-04
  6.4546E+00  2.7847E-04
  6.4665E+00  2.9440E-04
  6.4784E+00  3.1271E-04
  6.4903E+00  3.2378E-04
  6.5022E+00  3.2360E-04
  6.5141E+00  3.2117E-04
  6.5260E+00  3.4204E-04
  6.5379E+00  4.2506E-04
  6.5498E+00  6.1185E-04
  6.5618E+00  9.3136E-04
  6.5737E+00  1.3851E-03
  6.5856E+00  1.9389E-03
  6.5975E+00  2.5271E-03
  6.6094E+00  3.0668E-03
  6.6213E+00  3.4809E-03
  6.6332E+00  3.7192E-03
  6.6451E+00  3.7707E-03
  6.6570E+00  3.6629E-03
  6.6689E+00  3.4482E-03
  6.6808E+00  3.1822E-03
  6.6928E+00  2.9059E-03
  6.7047E+00  2.6380E-03
  6.7166E+00  2.3851E-03
  6.7285E+00  2.1655E-03
  6.7404E+00  2.0369E-03
  6.7523E+00  2.1130E-03
  6.7642E+00  2.5563E-03
  6.7761E+00  3.5412E-03
  6.7880E+00  5.1956E-03
  6.7999E+00  7.5372E-03
  6.8118E+00  1.0428E-02
  6.8237E+00  1.3564E-02
  6.8357E+00  1.6518E-02
  6.8476E+00  1.8820E-02
  6.8595E+00  2.0065E-02
  6.8714E+00  2.0021E-02
  6.8833E+00  1.8690E-02
  6.8952E+00  1.6311E-02
  6.9071E+00  1.3302E-02
  6.9190E+00  1.0156E-02
  6.9309E+00  7.3208E-03
  6.9428E+00  5.1110E-03
  6.9547E+00  3.6549E-03
  6.9667E+00  2.9032E-03
  6.9786E+00  2.6845E-03
  6.9905E+00  2.7881E-03
  7.0024E+00  3.0399E-03
  7.0143E+00  3.3478E-03
  7.0262E+00  3.7019E-03
  7.0381E+00  4.1378E-03
  7.0500E+00  4.6822E-03
  7.0619E+00  5.3066E-03
  7.0738E+00  5.9099E-03
  7.0857E+00  6.3396E-03
  7.0977E+00  6.4405E-03
  7.1096E+00  6.1149E-03
  7.1215E+00  5.3660E-03
  7.1334E+00  4.3091E-03
  7.1453E+00  3.1427E-03
  7.1572E+00  2.0896E-03
  7.1691E+00  1.3270E-03
  7.1810E+00  9.3411E-04
  7.1929E+00  8.7518E-04
  7.2048E+00  1.0231E-03
  7.2167E+00  1.2133E-03
  7.2286E+00  1.3060E-03
  7.2406E+00  1.2339E-03
  7.2525E+00  1.0178E-03
  7.2644E+00  7.4701E-04
  7.2763E+00  5.3257E-04
  7.2882E+00  4.5588E-04
  7.3001E+00  5.3309E-04
  7.3120E+00  7.1007E-04
  7.3239E+00  8.8890E-04
  7.3358E+00  9.7376E-04
  7.3477E+00  9.1661E-04
  7.3596E+00  7.4272E-04
  7.3716E+00  5.4430E-04
  7.3835E+00  4.4409E-04
  7.3954E+00  5.4360E-04
  7.4073E+00  8.7734E-04
  7.4192E+00  1.3919E-03
  7.4311E+00  1.9588E-03
  7.4430E+00  2.4179E-03
  7.4549E+00  2.6342E-03
  7.4668E+00  2.5472E-03
  7.4787E+00  2.1930E-03
  7.4906E+00  1.6898E-03
  7.5026E+00  1.1937E-03
  7.5145E+00  8.4239E-04
  7.5264E+00  7.0789E-04
  7.5383E+00  7.7613E-04
  7.5502E+00  9.5955E-04
  7.5621E+00  1.1375E-03
  7.5740E+00  1.2073E-03
  7.5859E+00  1.1248E-03
  7.5978E+00  9.1906E-04
  7.6097E+00  6.7633E-04
  7.6216E+00  5.0110E-04
  7.6335E+00  4.7111E-04
  7.6455E+00  6.0435E-04
  7.6574E+00  8.5151E-04
  7.6693E+00  1.1164E-03
  7.6812E+00  1.2955E-03
  7.6931E+00  1.3188E-03
  7.7050E+00  1.1770E-03
  7.7169E+00  9.2289E-04
  7.7288E+00  6.4876E-04
  7.7407E+00  4.4876E-04
  7.7526E+00  3.8228E-04
  7.7645E+00  4.5283E-04
  7.7765E+00  6.1060E-04
  7.7884E+00  7.7620E-04
  7.8003E+00  8.7469E-04
  7.8122E+00  8.6544E-04
  7.8241E+00  7.5617E-04
  7.8360E+00  5.9657E-04
  7.8479E+00  4.5523E-04
  7.8598E+00  3.9042E-04
  7.8717E+00  4.2716E-04
  7.8836E+00  5.4978E-04
  7.8955E+00  7.1140E-04
  7.9075E+00  8.5487E-04
  7.9194E+00  9.3533E-04
  7.9313E+00  9.3509E-04
  7.9432E+00  8.6564E-04
  7.9551E+00  7.5763E-04
  7.9670E+00  6.4473E-04
  7.9789E+00  5.4974E-04
  7.9908E+00  4.7903E-04
  8.0027E+00  4.2640E-04
  8.0146E+00  3.8288E-04
  8.0265E+00  3.4594E-04
  8.0384E+00  3.2272E-04
  8.0504E+00  3.2542E-04
  8.0623E+00  3.6161E-04
  8.0742E+00  4.2543E-04
  8.0861E+00  4.9579E-04
  8.0980E+00  5.4366E-04
  8.1099E+00  5.4597E-04
  8.1218E+00  4.9949E-04
  8.1337E+00  4.2706E-04
  8.1456E+00  3.7160E-04
  8.1575E+00  3.7877E-04
  8.1694E+00  4.7532E-04
  8.1814E+00  6.5309E-04
  8.1933E+00  8.6730E-04
  8.2052E+00  1.0512E-03
  8.2171E+00  1.1422E-03
  8.2290E+00  1.1088E-03
  8.2409E+00  9.6623E-04
  8.2528E+00  7.7298E-04
  8.2647E+00  6.0766E-04
  8.2766E+00  5.3616E-04
  8.2885E+00  5.8291E-04
  8.3004E+00  7.1954E-04
  8.3124E+00  8.7680E-04
  8.3243E+00  9.7564E-04
  8.3362E+00  9.6466E-04
  8.3481E+00  8.4742E-04
  8.3600E+00  6.8644E-04
  8.3719E+00  5.8072E-04
  8.3838E+00  6.2553E-04
  8.3957E+00  8.7109E-04
  8.4076E+00  1.2978E-03
  8.4195E+00  1.8189E-03
  8.4314E+00  2.3096E-03
  8.4433E+00  2.6521E-03
  8.4553E+00  2.7773E-03
  8.4672E+00  2.6843E-03
  8.4791E+00  2.4331E-03
  8.4910E+00  2.1125E-03
  8.5029E+00  1.8020E-03
  8.5148E+00  1.5437E-03
  8.5267E+00  1.3375E-03
  8.5386E+00  1.1590E-03
  8.5505E+00  9.9040E-04
  8.5624E+00  8.4520E-04
  8.5743E+00  7.7102E-04
  8.5863E+00  8.2648E-04
  8.5982E+00  1.0422E-03
  8.6101E+00  1.3867E-03
  8.6220E+00  1.7590E-03
  8.6339E+00  2.0210E-03
  8.6458E+00  2.0623E-03
  8.6577E+00  1.8747E-03
  8.6696E+00  1.5996E-03
  8.6815E+00  1.5202E-03
  8.6934E+00  1.9903E-03
  8.7053E+00  3.3153E-03
  8.7173E+00  5.6269E-03
  8.7292E+00  8.7979E-03
  8.7411E+00  1.2438E-02
  8.7530E+00  1.5983E-02
  8.7649E+00  1.8848E-02
  8.7768E+00  2.0601E-02
  8.7887E+00  2.1074E-02
  8.8006E+00  2.0391E-02
  8.8125E+00  1.8888E-02
  8.8244E+00  1.6966E-02
  8.8363E+00  1.4943E-02
  8.8482E+00  1.2963E-02
  8.8602E+00  1.1013E-02
  8.8721E+00  9.0495E-03
  8.8840E+00  7.1725E-03
  8.8959E+00  5.7847E-03
  8.9078E+00  5.6354E-03
  8.9197E+00  7.7037E-03
  8.9316E+00  1.2926E-02
  8.9435E+00  2.1843E-02
  8.9554E+00  3.4284E-02
  8.9673E+00  4.9217E-02
  8.9792E+00  6.4823E-02
  8.9912E+00  7.8810E-02
  9.0031E+00  8.8900E-02
  9.0150E+00  9.3352E-02
  9.0269E+00  9.1389E-02
  9.0388E+00  8.3396E-02
  9.0507E+00  7.0809E-02
  9.0626E+00  5.5750E-02
  9.0745E+00  4.0513E-02
  9.0864E+00  2.7062E-02
  9.0983E+00  1.6681E-02
  9.1102E+00  9.8390E-03
  9.1222E+00  6.2817E-03
  9.1341E+00  5.2858E-03
  9.1460E+00  5.9737E-03
  9.1579E+00  7.5848E-03
  9.1698E+00  9.6219E-03
  9.1817E+00  1.1852E-02
  9.1936E+00  1.4198E-02
  9.2055E+00  1.6588E-02
  9.2174E+00  1.8843E-02
  9.2293E+00  2.0649E-02
  9.2412E+00  2.1626E-02
  9.2531E+00  2.1447E-02
  9.2651E+00  1.9969E-02
  9.2770E+00  1.7310E-02
  9.2889E+00  1.3840E-02
  9.3008E+00  1.0097E-02
  9.3127E+00  6.6406E-03
  9.3246E+00  3.9110E-03
  9.3365E+00  2.1249E-03
  9.3484E+00  1.2511E-03
  9.3603E+00  1.0616E-03
  9.3722E+00  1.2346E-03
  9.3841E+00  1.4676E-03
  9.3961E+00  1.5621E-03
  9.4080E+00  1.4568E-03
  9.4199E+00  1.2084E-03
  9.4318E+00  9.3432E-04
  9.4437E+00  7.4715E-04
  9.4556E+00  7.0514E-04
  9.4675E+00  7.9583E-04
  9.4794E+00  9.5270E-04
  9.4913E+00  1.0919E-03
  9.5032E+00  1.1510E-03
  9.5151E+00  1.1126E-03
  9.5271E+00  1.0065E-03
  9.5390E+00  8.8972E-04
  9.5509E+00  8.1830E-04
  9.5628E+00  8.2138E-04
  9.5747E+00  8.9002E-04
  9.5866E+00  9.8310E-04
  9.5985E+00  1.0464E-03
  9.6104E+00  1.0361E-03
  9.6223E+00  9.3605E-04
  9.6342E+00  7.6355E-04
  9.6461E+00  5.6087E-04
  9.6580E+00  3.7805E-04
  9.6700E+00  2.5432E-04
  9.6819E+00  2.0541E-04
  9.6938E+00  2.2110E-04
  9.7057E+00  2.7240E-04
  9.7176E+00  3.2470E-04
  9.7295E+00  3.5121E-04
  9.7414E+00  3.4138E-04
  9.7533E+00  3.0183E-04
  9.7652E+00  2.5042E-04
  9.7771E+00  2.0690E-04
  9.7890E+00  1.8431E-04
  9.8010E+00  1.8442E-04
  9.8129E+00  1.9843E-04
  9.8248E+00  2.1208E-04
  9.8367E+00  2.1238E-04
  9.8486E+00  1.9309E-04
  9.8605E+00  1.5670E-04
  9.8724E+00  1.1269E-04
  9.8843E+00  7.3036E-05
  9.8962E+00  4.7272E-05
  9.9081E+00  3.8998E-05
  9.9200E+00  4.5185E-05
  9.9319E+00  5.8202E-05
  9.9439E+00  6.9444E-05
  9.9558E+00  7.2865E-05
  9.9677E+00  6.6976E-05
  9.9796E+00  5.4671E-05
  9.9915E+00  4.1276E-05
  1.0003E+01  3.1838E-05
  1.0015E+01  2.8923E-05
  1.0027E+01  3.1804E-05
  1.0039E+01  3.7254E-05
  1.0051E+01  4.1402E-05
  1.0063E+01  4.1684E-05
  1.0075E+01  3.7982E-05
  1.0087E+01  3.2493E-05
  1.0099E+01  2.8500E-05
  1.0111E+01  2.8675E-05
  1.0122E+01  3.3743E-05
  1.0134E+01  4.2122E-05
  1.0146E+01  5.0645E-05
  1.0158E+01  5.5984E-05
  1.0170E+01  5.6060E-05
  1.0182E+01  5.0816E-05
  1.0194E+01  4.2049E-05
  1.0206E+01  3.2469E-05
  1.0218E+01  2.4492E-05
  1.0230E+01  1.9349E-05
  1.0242E+01  1.6931E-05
  1.0253E+01  1.6348E-05
  1.0265E+01  1.6807E-05
  1.0277E+01  1.8287E-05
  1.0289E+01  2.1594E-05
  1.0301E+01  2.7776E-05
  1.0313E+01  3.7200E-05
  1.0325E+01  4.8873E-05
  1.0337E+01  6.0437E-05
  1.0349E+01  6.8964E-05
  1.0361E+01  7.2208E-05
  1.0373E+01  6.9681E-05
  1.0384E+01  6.2991E-05
  1.0396E+01  5.5181E-05
  1.0408E+01  4.9335E-05
  1.0420E+01  4.7113E-05
  1.0432E+01  4.7971E-05
  1.0444E+01  4.9551E-05
  1.0456E+01  4.9128E-05
  1.0468E+01  4.5423E-05
  1.0480E+01  3.9850E-05
  1.0492E+01  3.6467E-05
  1.0504E+01  4.0482E-05
  1.0515E+01  5.5896E-05
  1.0527E+01  8.3370E-05
  1.0539E+01  1.1941E-04
  1.0551E+01  1.5737E-04
  1.0563E+01  1.8988E-04
  1.0575E+01  2.1163E-04
  1.0587E+01  2.2112E-04
  1.0599E+01  2.2070E-04
  1.0611E+01  2.1469E-04
  1.0623E+01  2.0675E-04
  1.0635E+01  1.9790E-04
  1.0646E+01  1.8646E-04
  1.0658E+01  1.7010E-04
  1.0670E+01  1.4891E-04
  1.0682E+01  1.2760E-04
  1.0694E+01  1.1510E-04
  1.0706E+01  1.2095E-04
  1.0718E+01  1.4986E-04
  1.0730E+01  1.9693E-04
  1.0742E+01  2.4708E-04
  1.0754E+01  2.8028E-04
  1.0766E+01  2.8189E-04
  1.0777E+01  2.5464E-04
  1.0789E+01  2.2675E-04
  1.0801E+01  2.5110E-04
  1.0813E+01  3.9320E-04
  1.0825E+01  7.0983E-04
  1.0837E+01  1.2254E-03
  1.0849E+01  1.9145E-03
  1.0861E+01  2.6996E-03
  1.0873E+01  3.4653E-03
  1.0885E+01  4.0872E-03
  1.0897E+01  4.4657E-03
  1.0908E+01  4.5536E-03
  1.0920E+01  4.3665E-03
  1.0932E+01  3.9726E-03
  1.0944E+01  3.4647E-03
  1.0956E+01  2.9278E-03
  1.0968E+01  2.4154E-03
  1.0980E+01  1.9472E-03
  1.0992E+01  1.5296E-03
  1.1004E+01  1.1914E-03
  1.1016E+01  1.0170E-03
  1.1028E+01  1.1590E-03
  1.1039E+01  1.8166E-03
  1.1051E+01  3.1806E-03
  1.1063E+01  5.3578E-03
  1.1075E+01  8.2996E-03
  1.1087E+01  1.1763E-02
  1.1099E+01  1.5324E-02
  1.1111E+01  1.8449E-02
  1.1123E+01  2.0615E-02
  1.1135E+01  2.1429E-02
  1.1147E+01  2.0737E-02
  1.1159E+01  1.8658E-02
  1.1170E+01  1.5557E-02
  1.1182E+01  1.1958E-02
  1.1194E+01  8.4168E-03
  1.1206E+01  5.3970E-03
  1.1218E+01  3.1814E-03
  1.1230E+01  1.8414E-03
  1.1242E+01  1.2679E-03
  1.1254E+01  1.2465E-03
  1.1266E+01  1.5450E-03
  1.1278E+01  1.9837E-03
  1.1290E+01  2.4665E-03
  1.1301E+01  2.9718E-03
  1.1313E+01  3.5131E-03
  1.1325E+01  4.0920E-03
  1.1337E+01  4.6649E-03
  1.1349E+01  5.1395E-03
  1.1361E+01  5.3986E-03
  1.1373E+01  5.3435E-03
  1.1385E+01  4.9346E-03
  1.1397E+01  4.2144E-03
  1.1409E+01  3.3012E-03
  1.1421E+01  2.3550E-03
  1.1432E+01  1.5310E-03
  1.1444E+01  9.3503E-04
  1.1456E+01  6.0011E-04
  1.1468E+01  4.8743E-04
  1.1480E+01  5.1114E-04
  1.1492E+01  5.7468E-04
  1.1504E+01  6.0467E-04
  1.1516E+01  5.7053E-04
  1.1528E+01  4.8440E-04
  1.1540E+01  3.8457E-04
  1.1552E+01  3.1177E-04
  1.1563E+01  2.8921E-04
  1.1575E+01  3.1420E-04
  1.1587E+01  3.6310E-04
  1.1599E+01  4.0582E-04
  1.1611E+01  4.2194E-04
  1.1623E+01  4.1064E-04
  1.1635E+01  3.9016E-04
  1.1647E+01  3.8760E-04
  1.1659E+01  4.2434E-04
  1.1671E+01  5.0405E-04
  1.1683E+01  6.0885E-04
  1.1694E+01  7.0524E-04
  1.1706E+01  7.5740E-04
  1.1718E+01  7.4179E-04
  1.1730E+01  6.5688E-04
  1.1742E+01  5.2385E-04
  1.1754E+01  3.7835E-04
  1.1766E+01  2.5707E-04
  1.1778E+01  1.8459E-04
  1.1790E+01  1.6582E-04
  1.1802E+01  1.8654E-04
  1.1814E+01  2.2134E-04
  1.1825E+01  2.4512E-04
  1.1837E+01  2.4312E-04
  1.1849E+01  2.1553E-04
  1.1861E+01  1.7535E-04
  1.1873E+01  1.4100E-04
  1.1885E+01  1.2739E-04
  1.1897E+01  1.3927E-04
  1.1909E+01  1.6956E-04
  1.1921E+01  2.0302E-04
  1.1933E+01  2.2326E-04
  1.1945E+01  2.1965E-04
  1.1956E+01  1.9148E-04
  1.1968E+01  1.4759E-04
  1.1980E+01  1.0211E-04
  1.1992E+01  6.8431E-05
  1.2004E+01  5.3974E-05
  1.2016E+01  5.7963E-05
  1.2028E+01  7.2805E-05
  1.2040E+01  8.8117E-05
  1.2052E+01  9.5405E-05
  1.2064E+01  9.1327E-05
  1.2076E+01  7.8364E-05
  1.2087E+01  6.2888E-05
  1.2099E+01  5.1775E-05
  1.2111E+01  4.9199E-05
  1.2123E+01  5.5016E-05
  1.2135E+01  6.5258E-05
  1.2147E+01  7.4289E-05
  1.2159E+01  7.7450E-05
  1.2171E+01  7.2984E-05
  1.2183E+01  6.2475E-05
  1.2195E+01  4.9775E-05
  1.2207E+01  3.9079E-05
  1.2218E+01  3.3109E-05
  1.2230E+01  3.2236E-05
  1.2242E+01  3.4778E-05
  1.2254E+01  3.8178E-05
  1.2266E+01  4.0372E-05
  1.2278E+01  4.0651E-05
  1.2290E+01  3.9692E-05
  1.2302E+01  3.8832E-05
  1.2314E+01  3.9088E-05
  1.2326E+01  4.0472E-05
  1.2338E+01  4.1976E-05
  1.2349E+01  4.2188E-05
  1.2361E+01  4.0185E-05
  1.2373E+01  3.6175E-05
  1.2385E+01  3.1546E-05
  1.2397E+01  2.8244E-05
  1.2409E+01  2.7799E-05
  1.2421E+01  3.0495E-05
  1.2433E+01  3.5126E-05
  1.2445E+01  3.9496E-05
  1.2457E+01  4.1426E-05
  1.2469E+01  3.9807E-05
  1.2480E+01  3.5181E-05
  1.2492E+01  2.9551E-05
  1.2504E+01  2.5493E-05
  1.2516E+01  2.4957E-05
  1.2528E+01  2.8334E-05
  1.2540E+01  3.4218E-05
  1.2552E+01  4.0001E-05
  1.2564E+01  4.3029E-05
  1.2576E+01  4.1805E-05
  1.2588E+01  3.6717E-05
  1.2600E+01  2.9929E-05
  1.2611E+01  2.4500E-05
  1.2623E+01  2.3103E-05
  1.2635E+01  2.6903E-05
  1.2647E+01  3.5088E-05
  1.2659E+01  4.5201E-05
  1.2671E+01  5.4140E-05
  1.2683E+01  5.9354E-05
  1.2695E+01  5.9750E-05
  1.2707E+01  5.5945E-05
  1.2719E+01  4.9801E-05
  1.2731E+01  4.3511E-05
  1.2742E+01  3.8684E-05
  1.2754E+01  3.5807E-05
  1.2766E+01  3.4301E-05
  1.2778E+01  3.3064E-05
  1.2790E+01  3.1193E-05
  1.2802E+01  2.8518E-05
  1.2814E+01  2.5688E-05
  1.2826E+01  2.3787E-05
  1.2838E+01  2.3698E-05
  1.2850E+01  2.5582E-05
  1.2862E+01  2.8735E-05
  1.2873E+01  3.1944E-05
  1.2885E+01  3.4192E-05
  1.2897E+01  3.5365E-05
  1.2909E+01  3.6615E-05
  1.2921E+01  4.0134E-05
  1.2933E+01  4.8386E-05
  1.2945E+01  6.3089E-05
  1.2957E+01  8.4364E-05
  1.2969E+01  1.1042E-04
  1.2981E+01  1.3796E-04
  1.2993E+01  1.6310E-04
  1.3004E+01  1.8261E-04
  1.3016E+01  1.9478E-04
  1.3028E+01  1.9974E-04
  1.3040E+01  1.9903E-04
  1.3052E+01  1.9476E-04
  1.3064E+01  1.8860E-04
  1.3076E+01  1.8137E-04
  1.3088E+01  1.7317E-04
  1.3100E+01  1.6429E-04
  1.3112E+01  1.5633E-04
  1.3124E+01  1.5298E-04
  1.3135E+01  1.6007E-04
  1.3147E+01  1.8444E-04
  1.3159E+01  2.3199E-04
  1.3171E+01  3.0530E-04
  1.3183E+01  4.0178E-04
  1.3195E+01  5.1297E-04
  1.3207E+01  6.2559E-04
  1.3219E+01  7.2403E-04
  1.3231E+01  7.9379E-04
  1.3243E+01  8.2471E-04
  1.3255E+01  8.1324E-04
  1.3266E+01  7.6304E-04
  1.3278E+01  6.8373E-04
  1.3290E+01  5.8827E-04
  1.3302E+01  4.8980E-04
  1.3314E+01  3.9885E-04
  1.3326E+01  3.2184E-04
  1.3338E+01  2.6109E-04
  1.3350E+01  2.1602E-04
  1.3362E+01  1.8491E-04
  1.3374E+01  1.6631E-04
  1.3386E+01  1.5966E-04
  1.3397E+01  1.6478E-04
  1.3409E+01  1.8082E-04
  1.3421E+01  2.0506E-04
  1.3433E+01  2.3250E-04
  1.3445E+01  2.5647E-04
  1.3457E+01  2.7018E-04
  1.3469E+01  2.6882E-04
  1.3481E+01  2.5119E-04
  1.3493E+01  2.2034E-04
  1.3505E+01  1.8269E-04
  1.3517E+01  1.4600E-04
  1.3528E+01  1.1687E-04
  1.3540E+01  9.8658E-05
  1.3552E+01  9.0671E-05
  1.3564E+01  8.8888E-05
  1.3576E+01  8.7879E-05
  1.3588E+01  8.3186E-05
  1.3600E+01  7.3166E-05
  1.3612E+01  5.9556E-05
  1.3624E+01  4.6533E-05
  1.3636E+01  3.8700E-05
  1.3647E+01  3.8862E-05
  1.3659E+01  4.6582E-05
  1.3671E+01  5.8142E-05
  1.3683E+01  6.8001E-05
  1.3695E+01  7.1165E-05
  1.3707E+01  6.5467E-05
  1.3719E+01  5.2772E-05
  1.3731E+01  3.8527E-05
  1.3743E+01  2.9765E-05
  1.3755E+01  3.2317E-05
  1.3767E+01  4.8318E-05
  1.3778E+01  7.5043E-05
  1.3790E+01  1.0559E-04
  1.3802E+01  1.3124E-04
  1.3814E+01  1.4450E-04
  1.3826E+01  1.4185E-04
  1.3838E+01  1.2489E-04
  1.3850E+01  9.9708E-05
  1.3862E+01  7.4507E-05
  1.3874E+01  5.6628E-05
  1.3886E+01  4.9949E-05
  1.3898E+01  5.3740E-05
  1.3909E+01  6.3349E-05
  1.3921E+01  7.2369E-05
  1.3933E+01  7.5363E-05
  1.3945E+01  7.0042E-05
  1.3957E+01  5.8055E-05
  1.3969E+01  4.4132E-05
  1.3981E+01  3.3983E-05
  1.3993E+01  3.1853E-05
  1.4005E+01  3.8743E-05
  1.4017E+01  5.2016E-05
  1.4029E+01  6.6483E-05
  1.4040E+01  7.6498E-05
  1.4052E+01  7.8175E-05
  1.4064E+01  7.0846E-05
  1.4076E+01  5.7203E-05
  1.4088E+01  4.2119E-05
  1.4100E+01  3.0663E-05
  1.4112E+01  2.6156E-05
  1.4124E+01  2.9026E-05
  1.4136E+01  3.6875E-05
  1.4148E+01  4.5643E-05
  1.4160E+01  5.1350E-05
  1.4171E+01  5.1670E-05
  1.4183E+01  4.6739E-05
  1.4195E+01  3.8907E-05
  1.4207E+01  3.1632E-05
  1.4219E+01  2.8007E-05
  1.4231E+01  2.9565E-05
  1.4243E+01  3.5787E-05
  1.4255E+01  4.4466E-05
  1.4267E+01  5.2668E-05
  1.4279E+01  5.7875E-05
  1.4291E+01  5.8813E-05
  1.4302E+01  5.5692E-05
  1.4314E+01  4.9842E-05
  1.4326E+01  4.3002E-05
  1.4338E+01  3.6627E-05
  1.4350E+01  3.1499E-05
  1.4362E+01  2.7749E-05
  1.4374E+01  2.5178E-05
  1.4386E+01  2.3638E-05
  1.4398E+01  2.3216E-05
  1.4410E+01  2.4137E-05
  1.4422E+01  2.6458E-05
  1.4433E+01  2.9764E-05
  1.4445E+01  3.3109E-05
  1.4457E+01  3.5291E-05
  1.4469E+01  3.5401E-05
  1.4481E+01  3.3363E-05
  1.4493E+01  3.0192E-05
  1.4505E+01  2.7750E-05
  1.4517E+01  2.8042E-05
  1.4529E+01  3.2315E-05
  1.4541E+01  4.0363E-05
  1.4553E+01  5.0377E-05
  1.4564E+01  5.9495E-05
  1.4576E+01  6.4861E-05
  1.4588E+01  6.4805E-05
  1.4600E+01  5.9598E-05
  1.4612E+01  5.1446E-05
  1.4624E+01  4.3651E-05
  1.4636E+01  3.9281E-05
  1.4648E+01  3.9872E-05
  1.4660E+01  4.4768E-05
  1.4672E+01  5.1386E-05
  1.4684E+01  5.6379E-05
  1.4695E+01  5.7199E-05
  1.4707E+01  5.3412E-05
  1.4719E+01  4.7157E-05
  1.4731E+01  4.2500E-05
  1.4743E+01  4.3885E-05
  1.4755E+01  5.4293E-05
  1.4767E+01  7.3851E-05
  1.4779E+01  9.9482E-05
  1.4791E+01  1.2578E-04
  1.4803E+01  1.4678E-04
  1.4815E+01  1.5794E-04
  1.4826E+01  1.5749E-04
  1.4838E+01  1.4677E-04
  1.4850E+01  1.2941E-04
  1.4862E+01  1.0980E-04
  1.4874E+01  9.1511E-05
  1.4886E+01  7.6419E-05
  1.4898E+01  6.4708E-05
  1.4910E+01  5.5726E-05
  1.4922E+01  4.9084E-05
  1.4934E+01  4.5364E-05
  1.4946E+01  4.5980E-05
  1.4957E+01  5.2223E-05
  1.4969E+01  6.3989E-05
  1.4981E+01  7.8942E-05
  1.4993E+01  9.2783E-05
  1.5005E+01  1.0081E-04
  1.5017E+01  1.0029E-04
  1.5029E+01  9.2734E-05
  1.5041E+01  8.4893E-05
  1.5053E+01  8.7797E-05
  1.5065E+01  1.1377E-04
  1.5077E+01  1.7227E-04
  1.5088E+01  2.6595E-04
  1.5100E+01  3.8855E-04
  1.5112E+01  5.2560E-04
  1.5124E+01  6.5774E-04
  1.5136E+01  7.6585E-04
  1.5148E+01  8.3603E-04
  1.5160E+01  8.6282E-04
  1.5172E+01  8.4953E-04
  1.5184E+01  8.0573E-04
  1.5196E+01  7.4301E-04
  1.5208E+01  6.7097E-04
  1.5219E+01  5.9526E-04
  1.5231E+01  5.1859E-04
  1.5243E+01  4.4441E-04
  1.5255E+01  3.8164E-04
  1.5267E+01  3.4797E-04
  1.5279E+01  3.6954E-04
  1.5291E+01  4.7626E-04
  1.5303E+01  6.9326E-04
  1.5315E+01  1.0310E-03
  1.5327E+01  1.4770E-03
  1.5339E+01  1.9928E-03
  1.5350E+01  2.5175E-03
  1.5362E+01  2.9777E-03
  1.5374E+01  3.3027E-03
  1.5386E+01  3.4396E-03
  1.5398E+01  3.3654E-03
  1.5410E+01  3.0920E-03
  1.5422E+01  2.6631E-03
  1.5434E+01  2.1445E-03
  1.5446E+01  1.6096E-03
  1.5458E+01  1.1248E-03
  1.5470E+01  7.3805E-04
  1.5481E+01  4.7238E-04
  1.5493E+01  3.2662E-04
  1.5505E+01  2.8112E-04
  1.5517E+01  3.0651E-04
  1.5529E+01  3.7253E-04
  1.5541E+01  4.5446E-04
  1.5553E+01  5.3607E-04
  1.5565E+01  6.0897E-04
  1.5577E+01  6.6975E-04
  1.5589E+01  7.1645E-04
  1.5601E+01  7.4592E-04
  1.5612E+01  7.5323E-04
  1.5624E+01  7.3289E-04
  1.5636E+01  6.8142E-04
  1.5648E+01  5.9978E-04
  1.5660E+01  4.9467E-04
  1.5672E+01  3.7794E-04
  1.5684E+01  2.6411E-04
  1.5696E+01  1.6700E-04
  1.5708E+01  9.6315E-05
  1.5720E+01  5.5516E-05
  1.5732E+01  4.1478E-05
  1.5743E+01  4.6075E-05
  1.5755E+01  5.9042E-05
  1.5767E+01  7.1141E-05
  1.5779E+01  7.6614E-05
  1.5791E+01  7.4176E-05
  1.5803E+01  6.6386E-05
  1.5815E+01  5.7807E-05
  1.5827E+01  5.2736E-05
  1.5839E+01  5.3395E-05
  1.5851E+01  5.9168E-05
  1.5863E+01  6.7092E-05
  1.5874E+01  7.3270E-05
  1.5886E+01  7.4569E-05
  1.5898E+01  6.9899E-05
  1.5910E+01  6.0594E-05
  1.5922E+01  4.9780E-05
  1.5934E+01  4.1077E-05
  1.5946E+01  3.7150E-05
  1.5958E+01  3.8732E-05
  1.5970E+01  4.4439E-05
  1.5982E+01  5.1437E-05
  1.5994E+01  5.6614E-05
  1.6005E+01  5.7784E-05