  -16.00000      3.2267209E-05
  -15.98800      2.8722356E-05
  -15.97599      2.1411504E-05
  -15.96399      1.3432539E-05
  -15.95199      8.3874529E-06
  -15.93999      9.0254980E-06
  -15.92798      1.6203068E-05
  -15.91598      2.8251436E-05
  -15.90398      4.1906125E-05
  -15.89197      5.3348147E-05
  -15.87997      5.9449638E-05
  -15.86797      5.8717062E-05
  -15.85596      5.1833937E-05
  -15.84396      4.1084644E-05
  -15.83196      2.9356759E-05
  -15.81995      1.9199475E-05
  -15.80795      1.2005679E-05
  -15.79595      7.9582915E-06
  -15.78395      6.3094335E-06
  -15.77194      5.9771792E-06
  -15.75994      6.1695036E-06
  -15.74794      6.5755435E-06
  -15.73593      7.2215576E-06
  -15.72393      8.1487024E-06
  -15.71193      9.1150087E-06
  -15.69993      9.5883106E-06
  -15.68792      9.0373514E-06
  -15.67592      7.3421838E-06
  -15.66392      5.1511111E-06
  -15.65191      3.7653724E-06
  -15.63991      4.6537580E-06
  -15.62791      8.6847922E-06
  -15.61590      1.5365325E-05
  -15.60390      2.2817174E-05
  -15.59190      2.8404342E-05
  -15.57990      2.9710105E-05
  -15.56789      2.5750180E-05
  -15.55589      1.7935336E-05
  -15.54389      9.6713893E-06
  -15.53188      5.2082510E-06
  -15.51988      7.7133554E-06
  -15.50788      1.7671604E-05
  -15.49587      3.2354419E-05
  -15.48387      4.6181733E-05
  -15.47187      5.3151107E-05
  -15.45986      4.9769595E-05
  -15.44786      3.6840913E-05
  -15.43586      1.9958887E-05
  -15.42386      8.4370668E-06
  -15.41185      1.1836831E-05
  -15.39985      3.6278259E-05
  -15.38785      8.1142447E-05
  -15.37584      1.3871073E-04
  -15.36384      1.9641365E-04
  -15.35184      2.4024995E-04
  -15.33984      2.5923402E-04
  -15.32783      2.4927777E-04
  -15.31583      2.1469918E-04
  -15.30383      1.6541626E-04
  -15.29182      1.1370784E-04
  -15.27982      7.0283160E-05
  -15.26782      4.0553248E-05
  -15.25581      2.4089966E-05
  -15.24381      1.6287140E-05
  -15.23181      1.1890797E-05
  -15.21980      7.8707144E-06
  -15.20780      4.6033883E-06
  -15.19580      5.1469960E-06
  -15.18380      1.2762948E-05
  -15.17179      2.7806875E-05
  -15.15979      4.6312827E-05
  -15.14779      6.1246414E-05
  -15.13578      6.5494860E-05
  -15.12378      5.5860801E-05
  -15.11178      3.5818648E-05
  -15.09978      1.5471436E-05
  -15.08777      7.4900008E-06
  -15.07577      2.0719697E-05
  -15.06377      5.5373093E-05
  -15.05176      1.0122565E-04
  -15.03976      1.3990428E-04
  -15.02776      1.5255313E-04
  -15.01575      1.3067710E-04
  -15.00375      8.1735139E-05
  -14.99175      2.9558807E-05
  -14.97974      6.7359924E-06
  -14.96774      4.0965901E-05
  -14.95574      1.4004491E-04
  -14.94374      2.8176897E-04
  -14.93173      4.1705417E-04
  -14.91973      4.8768945E-04
  -14.90773      4.5116432E-04
  -14.89572      3.0657259E-04
  -14.88372      1.1786206E-04
  -14.87172      1.0583350E-05
  -14.85971      1.4578486E-04
  -14.84771      6.7889830E-04
  -14.83571      1.7089256E-03
  -14.82371      3.2288849E-03
  -14.81170      5.1140934E-03
  -14.79970      7.1239192E-03
  -14.78770      8.9372220E-03
  -14.77569      1.0249146E-02
  -14.76369      1.0827556E-02
  -14.75169      1.0562845E-02
  -14.73969      9.4949016E-03
  -14.72768      7.8305388E-03
  -14.71568      5.8656945E-03
  -14.70368      3.9065271E-03
  -14.69167      2.2305658E-03
  -14.67967      1.0153343E-03
  -14.66767      3.0690461E-04
  -14.65566      4.1051702E-05
  -14.64366      7.6269891E-05
  -14.63166      2.5022391E-04
  -14.61965      4.2229268E-04
  -14.60765      5.0584174E-04
  -14.59565      4.7522146E-04
  -14.58365      3.5954066E-04
  -14.57164      2.1454952E-04
  -14.55964      9.3489929E-05
  -14.54764      2.9965520E-05
  -14.53563      2.8613453E-05
  -14.52363      6.9892587E-05
  -14.51163      1.2227222E-04
  -14.49963      1.5745641E-04
  -14.48762      1.6083587E-04
  -14.47562      1.3444142E-04
  -14.46362      9.2209091E-05
  -14.45161      5.3021977E-05
  -14.43961      3.1737218E-05
  -14.42761      3.2784657E-05
  -14.41560      5.0882598E-05
  -14.40360      7.4838848E-05
  -14.39160      9.2695860E-05
  -14.37959      9.6751901E-05
  -14.36759      8.6407636E-05
  -14.35559      6.7338966E-05
  -14.34359      4.8094022E-05
  -14.33158      3.5888061E-05
  -14.31958      3.4305354E-05
  -14.30758      4.2392527E-05
  -14.29557      5.5969704E-05
  -14.28357      6.9685324E-05
  -14.27157      8.0055048E-05
  -14.25957      8.6409389E-05
  -14.24756      9.0153306E-05
  -14.23556      9.3859751E-05
  -14.22356      9.9340446E-05
  -14.21155      1.0632753E-04
  -14.19955      1.1230214E-04
  -14.18755      1.1382848E-04
  -14.17554      1.0807572E-04
  -14.16354      9.3988660E-05
  -14.15154      7.3179202E-05
  -14.13953      4.9596576E-05
  -14.12753      2.7965361E-05
  -14.11553      1.2293212E-05
  -14.10353      4.6406326E-06
  -14.09152      4.6673922E-06
  -14.07952      9.8889923E-06
  -14.06752      1.6694714E-05
  -14.05551      2.1724596E-05
  -14.04351      2.2969531E-05
  -14.03151      2.0163467E-05
  -14.01950      1.4587376E-05
  -14.00750      8.4678604E-06
  -13.99550      4.0228588E-06
  -13.98350      2.6200159E-06
  -13.97149      4.4040025E-06
  -13.95949      8.3317364E-06
  -13.94749      1.2623309E-05
  -13.93548      1.5513708E-05
  -13.92348      1.5892716E-05
  -13.91148      1.3665167E-05
  -13.89948      9.8071578E-06
  -13.88747      5.9961917E-06
  -13.87547      3.9170454E-06
  -13.86347      4.5911429E-06
  -13.85146      7.9041492E-06
  -13.83946      1.2661920E-05
  -13.82746      1.7030534E-05
  -13.81545      1.9145640E-05
  -13.80345      1.8016155E-05
  -13.79145      1.4011881E-05
  -13.77944      8.7338503E-06
  -13.76744      4.4602521E-06
  -13.75544      3.2925675E-06
  -13.74344      6.1904570E-06
  -13.73143      1.2515757E-05
  -13.71943      2.0216950E-05
  -13.70743      2.6536814E-05
  -13.69542      2.9160503E-05
  -13.68342      2.7048665E-05
  -13.67142      2.0946796E-05
  -13.65942      1.3105064E-05
  -13.64741      6.2099052E-06
  -13.63541      2.3524635E-06
  -13.62341      2.2458398E-06
  -13.61140      4.9854393E-06
  -13.59940      8.5219262E-06
  -13.58740      1.0739229E-05
  -13.57539      1.0434163E-05
  -13.56339      7.8365556E-06
  -13.55139      4.3753394E-06
  -13.53938      1.9677161E-06
  -13.52738      2.0193775E-06
  -13.51538      4.5606471E-06
  -13.50338      8.3265568E-06
  -13.49137      1.1424651E-05
  -13.47937      1.2285347E-05
  -13.46737      1.0539447E-05
  -13.45536      7.3995188E-06
  -13.44336      5.0669983E-06
  -13.43136      5.5910546E-06
  -13.41935      9.6789827E-06
  -13.40735      1.6214695E-05
  -13.39535      2.2597154E-05
  -13.38335      2.5851750E-05
  -13.37134      2.4184961E-05
  -13.35934      1.8201612E-05
  -13.34734      1.0733111E-05
  -13.33533      5.6707931E-06
  -13.32333      6.3332122E-06
  -13.31133      1.3531680E-05
  -13.29932      2.4816862E-05
  -13.28732      3.5462337E-05
  -13.27532      4.0550447E-05
  -13.26332      3.7351143E-05
  -13.25131      2.7086466E-05
  -13.23931      1.4912761E-05
  -13.22731      8.3465911E-06
  -13.21530      1.3616831E-05
  -13.20330      3.2695349E-05
  -13.19130      6.2181214E-05
  -13.17929      9.3946648E-05
  -13.16729      1.1776559E-04
  -13.15529      1.2556411E-04
  -13.14329      1.1514154E-04
  -13.13128      9.0796406E-05
  -13.11928      6.1469633E-05
  -13.10728      3.7102804E-05
  -13.09527      2.4483290E-05
  -13.08327      2.4417543E-05
  -13.07127      3.1470736E-05
  -13.05927      3.7490292E-05
  -13.04726      3.6075151E-05
  -13.03526      2.5876536E-05
  -13.02326      1.1861210E-05
  -13.01125      3.3775741E-06
  -12.99925      8.9906889E-06
  -12.98725      3.1315471E-05
  -12.97524      6.4703476E-05
  -12.96324      9.6663738E-05
  -12.95124      1.1301950E-04
  -12.93923      1.0478431E-04
  -12.92723      7.4335854E-05
  -12.91523      3.6008085E-05
  -12.90323      1.0059604E-05
  -12.89122      1.4092306E-05
  -12.87922      5.4467546E-05
  -12.86722      1.2040078E-04
  -12.85521      1.8563331E-04
  -12.84321      2.2072479E-04
  -12.83121      2.0672283E-04
  -12.81920      1.4663982E-04
  -12.80720      6.7981120E-05
  -12.79520      1.5540658E-05
  -12.78320      3.3383731E-05
  -12.77119      1.3911845E-04
  -12.75919      3.1084561E-04
  -12.74719      4.8974465E-04
  -12.73518      5.9769745E-04
  -12.72318      5.7013560E-04
  -12.71118      3.9838947E-04
  -12.69917      1.5992089E-04
  -12.68717      1.7109222E-05
  -12.67517      1.8138275E-04
  -12.66317      8.5760537E-04
  -12.65116      2.1815426E-03
  -12.63916      4.1548708E-03
  -12.62716      6.5866942E-03
  -12.61515      9.1413790E-03
  -12.60315      1.1414567E-02
  -12.59115      1.2999739E-02
  -12.57914      1.3585708E-02
  -12.56714      1.3053760E-02
  -12.55514      1.1511759E-02
  -12.54314      9.2518777E-03
  -12.53113      6.6838968E-03
  -12.51913      4.2341487E-03
  -12.50713      2.2372534E-03
  -12.49512      8.8183337E-04
  -12.48312      1.9072376E-04
  -12.47112      2.7200178E-05
  -12.45912      1.7881056E-04
  -12.44711      4.2874663E-04
  -12.43511      6.1073748E-04
  -12.42311      6.4162811E-04
  -12.41110      5.3024612E-04
  -12.39910      3.4369924E-04
  -12.38710      1.6445434E-04
  -12.37509      5.4047032E-05
  -12.36309      3.3454966E-05
  -12.35109      8.3102896E-05
  -12.33908      1.5738542E-04
  -12.32708      2.0990970E-04
  -12.31508      2.1510242E-04
  -12.30308      1.7416412E-04
  -12.29107      1.0969622E-04
  -12.27907      5.3077496E-05
  -12.26707      2.8186247E-05
  -12.25506      4.0119943E-05
  -12.24306      7.5928903E-05
  -12.23106      1.1313680E-04
  -12.21906      1.3162399E-04
  -12.20705      1.2316449E-04
  -12.19505      9.4930081E-05
  -12.18305      6.5444445E-05
  -12.17104      5.2664833E-05
  -12.15904      6.4701497E-05
  -12.14704      9.5749579E-05
  -12.13503      1.2863104E-04
  -12.12303      1.4352200E-04
  -12.11103      1.3124291E-04
  -12.09902      1.0109587E-04
  -12.08702      8.0336446E-05
  -12.07502      1.0492067E-04
  -12.06302      2.0502349E-04
  -12.05101      3.9074718E-04
  -12.03901      6.4188580E-04
  -12.02701      9.0994121E-04
  -12.01500      1.1313782E-03
  -12.00300      1.2496130E-03
  -11.99100      1.2306368E-03
  -11.97899      1.0750516E-03
  -11.96699      8.2297559E-04
  -11.95499      5.3712144E-04
  -11.94299      2.8429084E-04
  -11.93098      1.1580182E-04
  -11.91898      5.1388026E-05
  -11.90698      7.8027901E-05
  -11.89497      1.5656972E-04
  -11.88297      2.3819973E-04
  -11.87097      2.8342495E-04
  -11.85896      2.7405340E-04
  -11.84696      2.1575502E-04
  -11.83496      1.3372800E-04
  -11.82296      6.0593473E-05
  -11.81095      2.1556520E-05
  -11.79895      2.5452835E-05
  -11.78695      6.3486492E-05
  -11.77494      1.1402230E-04
  -11.76294      1.5232040E-04
  -11.75094      1.6090566E-04
  -11.73893      1.3681015E-04
  -11.72693      9.1452530E-05
  -11.71493      4.4390596E-05
  -11.70293      1.5146149E-05
  -11.69092      1.5308755E-05
  -11.67892      4.4099328E-05
  -11.66692      8.8106091E-05
  -11.65491      1.2885318E-04
  -11.64291      1.4982570E-04
  -11.63091      1.4280310E-04
  -11.61891      1.1115675E-04
  -11.60690      6.8236288E-05
  -11.59490      3.1758958E-05
  -11.58290      1.6742015E-05
  -11.57089      3.0083813E-05
  -11.55889      6.8577210E-05
  -11.54689      1.2091250E-04
  -11.53488      1.7131993E-04
  -11.52288      2.0620767E-04
  -11.51088      2.1816883E-04
  -11.49887      2.0716635E-04
  -11.48687      1.7917344E-04
  -11.47487      1.4319966E-04
  -11.46287      1.0784677E-04
  -11.45086      7.8044694E-05
  -11.43886      5.5489501E-05
  -11.42686      3.9249022E-05
  -11.41485      2.7822742E-05
  -11.40285      2.0517669E-05
  -11.39085      1.7712109E-05
  -11.37884      2.0267471E-05
  -11.36684      2.7855927E-05
  -11.35484      3.8281545E-05
  -11.34284      4.7609279E-05
  -11.33083      5.1628755E-05
  -11.31883      4.7850714E-05
  -11.30683      3.7105798E-05
  -11.29482      2.3829876E-05
  -11.28282      1.4307909E-05
  -11.27082      1.4061945E-05
  -11.25881      2.5079638E-05
  -11.24681      4.4420780E-05
  -11.23481      6.4722510E-05
  -11.22281      7.7292767E-05
  -11.21080      7.6080003E-05
  -11.19880      6.0478105E-05
  -11.18680      3.6323047E-05
  -11.17479      1.4214170E-05
  -11.16279      5.1779621E-06
  -11.15079      1.5752599E-05
  -11.13878      4.4368469E-05
  -11.12678      8.1643659E-05
  -11.11478      1.1340371E-04
  -11.10278      1.2623570E-04
  -11.09077      1.1343329E-04
  -11.07877      7.8970370E-05
  -11.06677      3.7366895E-05
  -11.05476      8.2280994E-06
  -11.04276      9.9498711E-06
  -11.03076      5.2235493E-05
  -11.01875      1.3198242E-04
  -11.00675      2.3333712E-04
  -10.99475      3.3186545E-04
  -10.98275      4.0389079E-04
  -10.97074      4.3299873E-04
  -10.95874      4.1511387E-04
  -10.94674      3.5869103E-04
  -10.93473      2.8131017E-04
  -10.92273      2.0255728E-04
  -10.91073      1.3691344E-04
  -10.89872      9.1372734E-05
  -10.88672      6.4286854E-05
  -10.87472      4.9074191E-05
  -10.86272      3.8716291E-05
  -10.85071      2.9473083E-05
  -10.83871      2.1996861E-05
  -10.82671      1.9728399E-05
  -10.81470      2.5355461E-05
  -10.80270      3.7780199E-05
  -10.79070      5.1592011E-05
  -10.77870      5.9370970E-05
  -10.76669      5.5542518E-05
  -10.75469      4.0488580E-05
  -10.74269      2.2191398E-05
  -10.73068      1.3583189E-05
  -10.71868      2.6545587E-05
  -10.70668      6.5250548E-05
  -10.69467      1.2190993E-04
  -10.68267      1.7797311E-04
  -10.67067      2.1021046E-04
  -10.65866      2.0181824E-04
  -10.64666      1.5239822E-04
  -10.63466      8.2227984E-05
  -10.62266      2.7603144E-05
  -10.61065      2.7577376E-05
  -10.59865      1.0611642E-04
  -10.58665      2.5706730E-04
  -10.57464      4.3900145E-04
  -10.56264      5.8467773E-04
  -10.55064      6.2772719E-04
  -10.53863      5.3112383E-04
  -10.52663      3.2173932E-04
  -10.51463      1.0013257E-04
  -10.50263      3.0327250E-05
  -10.49062      3.0494228E-04
  -10.47862      1.0914650E-03
  -10.46662      2.4699541E-03
  -10.45461      4.3888455E-03
  -10.44261      6.6668894E-03
  -10.43061      8.9876903E-03
  -10.41860      1.0984691E-02
  -10.40660      1.2326193E-02
  -10.39460      1.2766728E-02
  -10.38260      1.2228429E-02
  -10.37059      1.0820522E-02
  -10.35859      8.8092396E-03
  -10.34659      6.5303417E-03
  -10.33458      4.3389234E-03
  -10.32258      2.5330347E-03
  -10.31058      1.2662373E-03
  -10.29857      5.5679394E-04
  -10.28657      3.0290592E-04
  -10.27457      3.3560043E-04
  -10.26257      4.7492876E-04
  -10.25056      5.8035110E-04
  -10.23856      5.8233651E-04
  -10.22656      4.8369108E-04
  -10.21455      3.3571137E-04
  -10.20255      2.0284035E-04
  -10.19055      1.3344479E-04
  -10.17854      1.4082313E-04
  -10.16654      2.0153339E-04
  -10.15454      2.7061731E-04
  -10.14254      3.0659794E-04
  -10.13053      2.8832158E-04
  -10.11853      2.2242480E-04
  -10.10653      1.3882025E-04
  -10.09452      7.4805546E-05
  -10.08252      5.7241483E-05
  -10.07052      8.9092973E-05
  -10.05851      1.4993285E-04
  -10.04651      2.0674230E-04
  -10.03451      2.2904451E-04
  -10.02251      2.0405235E-04
  -10.01050      1.4471321E-04
  -9.998500      8.2415892E-05
  -9.986497      5.1657760E-05
  -9.974494      7.4132353E-05
  -9.962491      1.4583732E-04
  -9.950488      2.3702992E-04
  -9.938484      3.0583286E-04
  -9.926481      3.2067441E-04
  -9.914478      2.7936001E-04
  -9.902475      2.1735170E-04
  -9.890472      2.0101477E-04
  -9.878469      3.0438905E-04
  -9.866467      5.7493756E-04
  -9.854464      1.0075034E-03
  -9.842461      1.5361664E-03
  -9.830458      2.0470382E-03
  -9.818455      2.4082712E-03
  -9.806452      2.5134529E-03
  -9.794449      2.3249330E-03
  -9.782446      1.8874239E-03
  -9.770443      1.3148827E-03
  -9.758440      7.5582322E-04
  -9.746437      3.4809209E-04
  -9.734433      1.7462442E-04
  -9.722430      2.3333941E-04
  -9.710427      4.4587205E-04
  -9.698424      6.9264416E-04
  -9.686421      8.5706549E-04
  -9.674418      8.6641056E-04
  -9.662416      7.1640703E-04
  -9.650413      4.7208794E-04
  -9.638410      2.3372567E-04
  -9.626407      9.3418807E-05
  -9.614404      9.9936995E-05
  -9.602401      2.4116802E-04
  -9.590398      4.4916180E-04
  -9.578395      6.2879338E-04
  -9.566392      7.0147659E-04
  -9.554389      6.3669315E-04
  -9.542386      4.6207613E-04
  -9.530382      2.5109289E-04
  -9.518379      9.3836235E-05
  -9.506376      5.8542915E-05
  -9.494373      1.6015609E-04
  -9.482370      3.5683904E-04
  -9.470367      5.6864490E-04
  -9.458364      7.0947100E-04
  -9.446362      7.2082289E-04
  -9.434359      5.9791538E-04
  -9.422356      3.9313844E-04
  -9.410353      1.9217652E-04
  -9.398350      7.9819489E-05
  -9.386347      1.0953077E-04
  -9.374344      2.8382658E-04
  -9.362341      5.5348524E-04
  -9.350338      8.3714002E-04
  -9.338335      1.0546237E-03
  -9.326331      1.1538306E-03
  -9.314328      1.1226969E-03
  -9.302325      9.8809006E-04
  -9.290322      7.9948752E-04
  -9.278319      6.0729124E-04
  -9.266316      4.4311627E-04
  -9.254313      3.1625543E-04
  -9.242311      2.2006490E-04
  -9.230308      1.4399161E-04
  -9.218305      8.4798485E-05
  -9.206302      5.1138006E-05
  -9.194299      5.6916953E-05
  -9.182296      1.0842855E-04
  -9.170293      1.9474917E-04
  -9.158290      2.8660768E-04
  -9.146287      3.4495670E-04
  -9.134284      3.3827685E-04
  -9.122280      2.6266117E-04
  -9.110277      1.4764538E-04
  -9.098274      4.7329908E-05
  -9.086271      1.9267758E-05
  -9.074268      9.8795404E-05
  -9.062265      2.7724501E-04
  -9.050262      4.9759261E-04
  -9.038260      6.7662389E-04
  -9.026257      7.3979306E-04
  -9.014254      6.5369345E-04
  -9.002251      4.4634030E-04
  -8.990248      2.0427759E-04
  -8.978245      4.1516349E-05
  -8.966242      4.7564092E-05
  -8.954239      2.4707109E-04
  -8.942236      5.8441568E-04
  -8.930233      9.3778875E-04
  -8.918229      1.1623327E-03
  -8.906226      1.1547249E-03
  -8.894223      9.0693048E-04
  -8.882220      5.1829056E-04
  -8.870217      1.6748636E-04
  -8.858214      5.4009994E-05
  -8.846211      3.2492017E-04
  -8.834208      1.0081956E-03
  -8.822206      1.9886901E-03
  -8.810203      3.0474921E-03
  -8.798200      3.9284090E-03
  -8.786197      4.4179996E-03
  -8.774194      4.4116033E-03
  -8.762191      3.9449157E-03
  -8.750188      3.1749643E-03
  -8.738185      2.3042490E-03
  -8.726182      1.5157732E-03
  -8.714178      9.2007482E-04
  -8.702175      5.3735398E-04
  -8.690172      3.1508735E-04
  -8.678169      1.7795240E-04
  -8.666166      8.0099184E-05
  -8.654163      2.3633247E-05
  -8.642160      4.7058747E-05
  -8.630157      1.9022243E-04
  -8.618155      4.5234137E-04
  -8.606152      7.6512794E-04
  -8.594149      1.0105841E-03
  -8.582146      1.0752795E-03
  -8.570143      9.0940268E-04
  -8.558140      5.6735444E-04
  -8.546137      2.0865523E-04
  -8.534134      4.4423970E-05
  -8.522131      2.3462817E-04
  -8.510127      7.9913897E-04
  -8.498124      1.5859972E-03
  -8.486121      2.3083678E-03
  -8.474118      2.6488705E-03
  -8.462115      2.4094991E-03
  -8.450112      1.6522869E-03
  -8.438109      7.1255921E-04
  -8.426106      9.8321689E-05
  -8.414104      3.0016981E-04
  -8.402101      1.5646339E-03
  -8.390098      3.7067775E-03
  -8.378095      6.0681421E-03
  -8.366092      7.7360505E-03
  -8.354089      7.9019722E-03
  -8.342086      6.2634558E-03
  -8.330083      3.3528472E-03
  -8.318080      6.8267976E-04
  -8.306076      5.3410477E-04
  -8.294073      5.3522014E-03
  -8.282070      1.7021179E-02
  -8.270067      3.6207534E-02
  -8.258064      6.1881062E-02
  -8.246061      9.1228530E-02
  -8.234058      0.1200403    
  -8.222055      0.1436655    
  -8.210052      0.1580727    
  -8.198050      0.1607164    
  -8.186047      0.1511163    
  -8.174044      0.1309908    
  -8.162041      0.1039532    
  -8.150038      7.4578553E-02
  -8.138035      4.7211498E-02
  -8.126032      2.5162850E-02
  -8.114029      1.0193650E-02
  -8.102025      2.3589649E-03
  -8.090022      2.5771305E-04
  -8.078019      1.6525507E-03
  -8.066016      4.2801155E-03
  -8.054013      6.3976212E-03
  -8.042010      7.0765750E-03
  -8.030007      6.2291622E-03
  -8.018004      4.3969699E-03
  -8.006001      2.3844063E-03
  -7.993999      8.6858543E-04
  -7.981996      1.8972228E-04
  -7.969993      3.1029258E-04
  -7.957990      9.0628956E-04
  -7.945986      1.5454962E-03
  -7.933983      1.8850731E-03
  -7.921980      1.7953414E-03
  -7.909977      1.3595703E-03
  -7.897974      7.9768046E-04
  -7.885972      3.5362426E-04
  -7.873969      1.8885647E-04
  -7.861966      3.1860280E-04
  -7.849963      6.2662258E-04
  -7.837959      9.3856605E-04
  -7.825956      1.1009204E-03
  -7.813953      1.0426505E-03
  -7.801950      7.9778716E-04
  -7.789948      4.8457168E-04
  -7.777945      2.4478007E-04
  -7.765942      1.8056489E-04
  -7.753939      3.2095957E-04
  -7.741935      6.1900081E-04
  -7.729932      9.7792700E-04
  -7.717929      1.2966807E-03
  -7.705926      1.5141895E-03
  -7.693923      1.6270010E-03
  -7.681921      1.6788880E-03
  -7.669918      1.7314156E-03
  -7.657915      1.8309840E-03
  -7.645912      1.9808607E-03
  -7.633908      2.1359888E-03
  -7.621905      2.2230740E-03
  -7.609902      2.1737302E-03
  -7.597899      1.9529935E-03
  -7.585896      1.5771359E-03
  -7.573894      1.1120834E-03
  -7.561891      6.5363449E-04
  -7.549888      2.9197382E-04
  -7.537884      8.3033498E-05
  -7.525881      3.4511213E-05
  -7.513878      1.0829595E-04
  -7.501875      2.3729909E-04
  -7.489872      3.5114336E-04
  -7.477870      4.0150396E-04
  -7.465867      3.7431472E-04
  -7.453864      2.8775472E-04
  -7.441861      1.7963548E-04
  -7.429857      8.9860638E-05
  -7.417854      4.4351400E-05
  -7.405851      4.6492212E-05
  -7.393848      7.9924466E-05
  -7.381845      1.1848502E-04
  -7.369843      1.3862016E-04
  -7.357840      1.2907674E-04
  -7.345837      9.4290219E-05
  -7.333834      5.1096227E-05
  -7.321830      1.9688134E-05
  -7.309827      1.4360669E-05
  -7.297824      3.7447200E-05
  -7.285821      7.8700505E-05
  -7.273818      1.2007204E-04
  -7.261816      1.4364684E-04
  -7.249813      1.3922015E-04
  -7.237810      1.0869558E-04
  -7.225806      6.4914544E-05
  -7.213803      2.6297721E-05
  -7.201800      9.4340958E-06
  -7.189797      2.2461874E-05
  -7.177794      6.1689650E-05
  -7.165792      1.1307384E-04
  -7.153789      1.5798160E-04
  -7.141786      1.8046073E-04
  -7.129783      1.7286208E-04
  -7.117779      1.3852773E-04
  -7.105776      9.0336645E-05
  -7.093773      4.5471010E-05
  -7.081770      1.8381079E-05
  -7.069767      1.5742840E-05
  -7.057765      3.4906610E-05
  -7.045762      6.5655709E-05
  -7.033759      9.4553405E-05
  -7.021755      1.1083555E-04
  -7.009752      1.1040166E-04
  -6.997749      9.6228432E-05
  -6.985746      7.5847005E-05
  -6.973743      5.7467973E-05
  -6.961740      4.6211480E-05
  -6.949738      4.1987165E-05
  -6.937735      4.0643987E-05
  -6.925732      3.7448772E-05
  -6.913728      3.0330864E-05
  -6.901725      2.1526053E-05
  -6.889722      1.6874139E-05
  -6.877719      2.2497503E-05
  -6.865716      4.0423201E-05
  -6.853714      6.6401946E-05
  -6.841711      9.0979127E-05
  -6.829708      1.0336850E-04
  -6.817704      9.6633179E-05
  -6.805701      7.2811221E-05
  -6.793698      4.3382828E-05
  -6.781695      2.4460314E-05
  -6.769692      2.9428751E-05
  -6.757689      6.2128121E-05
  -6.745687      1.1321839E-04
  -6.733684      1.6197078E-04
  -6.721681      1.8573865E-04
  -6.709677      1.7165831E-04
  -6.697674      1.2433046E-04
  -6.685671      6.6539389E-05
  -6.673668      3.2552605E-05
  -6.661665      5.4553781E-05
  -6.649662      1.4532947E-04
  -6.637660      2.9032541E-04
  -6.625657      4.5104037E-04
  -6.613653      5.7826855E-04
  -6.601650      6.2995870E-04
  -6.589647      5.8981479E-04
  -6.577644      4.7730317E-04
  -6.565641      3.3827315E-04
  -6.553638      2.2452492E-04
  -6.541636      1.7227094E-04
  -6.529633      1.8683932E-04
  -6.517630      2.3934468E-04
  -6.505626      2.8029669E-04
  -6.493623      2.6938732E-04
  -6.481620      1.9867616E-04
  -6.469617      1.0019580E-04
  -6.457614      3.5152101E-05
  -6.445611      6.7605652E-05
  -6.433609      2.2705528E-04
  -6.421606      4.8266421E-04
  -6.409602      7.5035141E-04
  -6.397599      9.2549593E-04
  -6.385596      9.2799554E-04
  -6.373593      7.4555242E-04
  -6.361590      4.5883263E-04
  -6.349587      2.1762906E-04
  -6.337584      1.7256897E-04
  -6.325582      4.0417406E-04
  -6.313579      8.7529566E-04
  -6.301575      1.4250738E-03
  -6.289572      1.8165286E-03
  -6.277569      1.8521207E-03
  -6.265566      1.4865284E-03
  -6.253563      8.7556028E-04
  -6.241560      3.4240980E-04
  -6.229558      2.6738804E-04
  -6.217555      9.1651129E-04
  -6.205552      2.2526565E-03
  -6.193548      3.8747925E-03
  -6.181545      5.1389388E-03
  -6.169542      5.4041105E-03
  -6.157539      4.3537570E-03
  -6.145536      2.3155506E-03
  -6.133533      4.6992023E-04
  -6.121531      6.8970368E-04
  -6.109528      5.0698593E-03
  -6.097524      1.5339938E-02
  -6.085521      3.2229599E-02
  -6.073518      5.4999594E-02
  -6.061515      8.1160717E-02
  -6.049512      0.1068825    
  -6.037509      0.1278917    
  -6.025506      0.1404026    
  -6.013504      0.1419820    
  -6.001501      0.1321645    
  -5.989497      0.1127268    
  -5.977494      8.7311260E-02
  -5.965491      6.0325734E-02
  -5.953488      3.5958264E-02
  -5.941485      1.7272774E-02
  -5.929482      5.6946045E-03
  -5.917480      8.6031482E-04
  -5.905477      9.3100138E-04
  -5.893473      3.4834384E-03
  -5.881470      6.2683211E-03
  -5.869467      7.7639865E-03
  -5.857464      7.4246749E-03
  -5.845461      5.6219278E-03
  -5.833458      3.2837698E-03
  -5.821455      1.3574468E-03
  -5.809453      4.3521816E-04
  -5.797450      5.9890177E-04
  -5.785446      1.4764639E-03
  -5.773443      2.4561274E-03
  -5.761440      2.9890027E-03
  -5.749437      2.8361704E-03
  -5.737434      2.1091574E-03
  -5.725431      1.1670010E-03
  -5.713428      4.3133710E-04
  -5.701426      1.9553125E-04
  -5.689422      4.8981677E-04
  -5.677419      1.0912289E-03
  -5.665416      1.6647709E-03
  -5.653413      1.9270709E-03
  -5.641410      1.7690184E-03
  -5.629407      1.2972195E-03
  -5.617404      7.7579648E-04
  -5.605402      4.7892830E-04
  -5.593399      5.4540898E-04
  -5.581395      9.2002074E-04
  -5.569392      1.3910295E-03
  -5.557389      1.7053968E-03
  -5.545386      1.7217415E-03
  -5.533383      1.5345751E-03
  -5.521380      1.4659950E-03
  -5.509377      1.9473303E-03
  -5.497375      3.3321918E-03
  -5.485371      5.7146214E-03
  -5.473368      8.8075725E-03
  -5.461365      1.1970649E-02
  -5.449362      1.4409306E-02
  -5.437359      1.5436124E-02
  -5.425356      1.4697693E-02
  -5.413353      1.2317157E-02
  -5.401350      8.8863662E-03
  -5.389348      5.2929302E-03
  -5.377344      2.3968788E-03
  -5.365341      7.7184453E-04
  -5.353338      5.5500743E-04
  -5.341335      1.4302979E-03
  -5.329332      2.7655007E-03
  -5.317329      3.8631714E-03
  -5.305326      4.2394162E-03
  -5.293324      3.7638932E-03
  -5.281320      2.6588719E-03
  -5.269317      1.3837718E-03
  -5.257314      4.4159999E-04
  -5.245311      1.6020541E-04
  -5.233308      5.6302838E-04
  -5.221305      1.3976383E-03
  -5.209302      2.2591432E-03
  -5.197299      2.7582631E-03
  -5.185297      2.6776746E-03
  -5.173293      2.0659748E-03
  -5.161290      1.2045866E-03
  -5.149287      4.6300949E-04
  -5.137284      1.4771531E-04
  -5.125281      3.8196292E-04
  -5.113278      1.0587060E-03
  -5.101275      1.8804200E-03
  -5.089272      2.4989445E-03
  -5.077270      2.6661097E-03
  -5.065266      2.3229322E-03
  -5.053263      1.6172028E-03
  -5.041260      8.4538118E-04
  -5.029257      3.3661546E-04
  -5.017254      3.1139693E-04
  -5.005251      8.0483704E-04
  -4.993248      1.6713717E-03
  -4.981246      2.6473647E-03
  -4.969242      3.4496477E-03
  -4.957239      3.8724549E-03
  -4.945236      3.8600494E-03
  -4.933233      3.4886850E-03
  -4.921230      2.9132050E-03
  -4.909227      2.2947700E-03
  -4.897224      1.7469377E-03
  -4.885221      1.3083017E-03
  -4.873219      9.5908932E-04
  -4.861215      6.6944008E-04
  -4.849212      4.3596109E-04
  -4.837209      2.9012407E-04
  -4.825206      2.8098046E-04
  -4.813203      4.3798305E-04
  -4.801200      7.3012308E-04
  -4.789197      1.0562654E-03
  -4.777194      1.2822425E-03
  -4.765191      1.2971984E-03
  -4.753188      1.0679609E-03
  -4.741185      6.7111192E-04
  -4.729182      2.8117534E-04
  -4.717179      9.8384568E-05
  -4.705176      2.5305551E-04
  -4.693173      7.4365601E-04
  -4.681170      1.4219829E-03
  -4.669168      2.0355310E-03
  -4.657164      2.3239960E-03
  -4.645161      2.1482070E-03
  -4.633158      1.5626384E-03
  -4.621155      8.0306130E-04
  -4.609152      2.0508666E-04
  -4.597149      7.4593278E-05
  -4.585146      5.5255700E-04
  -4.573143      1.5179971E-03
  -4.561140      2.6295620E-03
  -4.549137      3.4562380E-03
  -4.537134      3.6456953E-03
  -4.525131      3.0794269E-03
  -4.513128      1.9586370E-03
  -4.501125      7.7395467E-04
  -4.489122      1.2354323E-04
  -4.477119      4.9407623E-04
  -4.465117      2.0804314E-03
  -4.453113      4.6939147E-03
  -4.441110      7.7880579E-03
  -4.429107      1.0623478E-02
  -4.417104      1.2527702E-02
  -4.405101      1.3089211E-02
  -4.393098      1.2266172E-02
  -4.381095      1.0360909E-02
  -4.369092      7.9025719E-03
  -4.357089      5.4530823E-03
  -4.345086      3.4188952E-03
  -4.333083      1.9718667E-03
  -4.321080      1.0723517E-03
  -4.309077      5.6373602E-04
  -4.297074      2.8632162E-04
  -4.285071      1.6551405E-04
  -4.273068      2.2321906E-04
  -4.261065      5.0632807E-04
  -4.249062      1.0022151E-03
  -4.237059      1.5875730E-03
  -4.225056      2.0413019E-03
  -4.213053      2.1321024E-03
  -4.201050      1.7611268E-03
  -4.189047      1.0578462E-03
  -4.177044      3.6635160E-04
  -4.165041      1.2729404E-04
  -4.153038      6.8634650E-04
  -4.141035      2.0939631E-03
  -4.129032      3.9879009E-03
  -4.117029      5.6939516E-03
  -4.105026      6.4916755E-03
  -4.093023      5.9387842E-03
  -4.081020      4.1423817E-03
  -4.069017      1.8573642E-03
  -4.057014      3.0914770E-04
  -4.045011      6.9351593E-04
  -4.033008      3.6288151E-03
  -4.021005      8.7532178E-03
  -4.009002      1.4654527E-02
  -3.996999      1.9202355E-02
  -3.984996      2.0320987E-02
  -3.972993      1.7057849E-02
  -3.960990      1.0349457E-02
  -3.948987      3.2975236E-03
  -3.936984      7.7423424E-04
  -3.924981      8.3561279E-03
  -3.912978      3.0773075E-02
  -3.900975      7.0052564E-02
  -3.888972      0.1245421    
  -3.876969      0.1887153    
  -3.864966      0.2539071    
  -3.852963      0.3100747    
  -3.840960      0.3477337    
  -3.828957      0.3606144    
  -3.816954      0.3467997    
  -3.804951      0.3091035    
  -3.792948      0.2542506    
  -3.780945      0.1913544    
  -3.768942      0.1298498    
  -3.756939      7.7562176E-02
  -3.744936      3.9111394E-02
  -3.732933      1.5613990E-02
  -3.720930      5.1577371E-03
  -3.708927      3.8770190E-03
  -3.696924      7.2555416E-03
  -3.684921      1.1389896E-02
  -3.672918      1.3815949E-02
  -3.660915      1.3686260E-02
  -3.648912      1.1444616E-02
  -3.636909      8.2315542E-03
  -3.624906      5.2636066E-03
  -3.612903      3.3468159E-03
  -3.600900      2.6627472E-03
  -3.588897      2.8872152E-03
  -3.576894      3.4563087E-03
  -3.564891      3.8541525E-03
  -3.552888      3.8105242E-03
  -3.540885      3.3582035E-03
  -3.528882      2.7534349E-03
  -3.516879      2.2916894E-03
  -3.504876      2.1471407E-03
  -3.492873      2.3093412E-03
  -3.480870      2.6088271E-03
  -3.468867      2.8152096E-03
  -3.456864      2.7683894E-03
  -3.444861      2.4651862E-03
  -3.432858      2.0687289E-03
  -3.420855      1.8268120E-03
  -3.408852      1.9577511E-03
  -3.396849      2.5495579E-03
  -3.384846      3.4973018E-03
  -3.372843      4.5452155E-03
  -3.360840      5.3944555E-03
  -3.348837      5.8288565E-03
  -3.336834      5.8057113E-03
  -3.324831      5.4784589E-03
  -3.312828      5.1470813E-03
  -3.300825      5.1235585E-03
  -3.288822      5.5852886E-03
  -3.276819      6.4967577E-03
  -3.264816      7.6124049E-03
  -3.252813      8.5574491E-03
  -3.240810      8.9656236E-03
  -3.228807      8.6429277E-03
  -3.216804      7.6602330E-03
  -3.204801      6.3177962E-03
  -3.192798      5.0327908E-03
  -3.180795      4.1922713E-03
  -3.168792      4.0026233E-03
  -3.156789      4.3904795E-03
  -3.144786      5.0388672E-03
  -3.132783      5.5387681E-03
  -3.120780      5.5599120E-03
  -3.108777      4.9853176E-03
  -3.096774      3.9690626E-03
  -3.084771      2.9002884E-03
  -3.072768      2.2240162E-03
  -3.060765      2.2326503E-03
  -3.048762      2.9431919E-03
  -3.036759      4.0759114E-03
  -3.024756      5.1478418E-03
  -3.012753      5.6560207E-03
  -3.000750      5.3176722E-03
  -2.988747      4.2046327E-03
  -2.976744      2.7167762E-03
  -2.964741      1.4370510E-03
  -2.952738      9.1337482E-04
  -2.940735      1.4266189E-03
  -2.928732      2.8297342E-03
  -2.916729      4.6090637E-03
  -2.904726      6.0890913E-03
  -2.892723      6.6869264E-03
  -2.880720      6.1396905E-03
  -2.868717      4.6354737E-03
  -2.856714      2.7790223E-03
  -2.844711      1.3357835E-03
  -2.832708      9.3648798E-04
  -2.820705      1.8603002E-03
  -2.808702      3.9366591E-03
  -2.796699      6.5963008E-03
  -2.784696      9.0709710E-03
  -2.772693      1.0706129E-02
  -2.760690      1.1162966E-02
  -2.748687      1.0470539E-02
  -2.736684      8.9593008E-03
  -2.724681      7.1014068E-03
  -2.712678      5.3221034E-03
  -2.700675      3.8524591E-03
  -2.688672      2.7263269E-03
  -2.676669      1.8807371E-03
  -2.664666      1.2604902E-03
  -2.652663      8.9379522E-04
  -2.640660      8.9294621E-04
  -2.628657      1.3535602E-03
  -2.616654      2.2270330E-03
  -2.604651      3.2635129E-03
  -2.592648      4.0667057E-03
  -2.580645      4.2443057E-03
  -2.568642      3.6111816E-03
  -2.556639      2.3710586E-03
  -2.544636      1.0929628E-03
  -2.532633      5.0148700E-04
  -2.520630      1.1714167E-03
  -2.508627      3.2349122E-03
  -2.496624      6.2079942E-03
  -2.484621      9.0734260E-03
  -2.472618      1.0705188E-02
  -2.460615      1.0361121E-02
  -2.448612      8.0493297E-03
  -2.436609      4.6291775E-03
  -2.424606      1.6003994E-03
  -2.412603      5.3762528E-04
  -2.400600      2.3074185E-03
  -2.388597      6.6332044E-03
  -2.376594      1.2109574E-02
  -2.364591      1.6657431E-02
  -2.352588      1.8292507E-02
  -2.340585      1.6059274E-02
  -2.328582      1.0721013E-02
  -2.316579      4.6130610E-03
  -2.304576      8.7958650E-04
  -2.292573      2.3977810E-03
  -2.280570      1.0673259E-02
  -2.268567      2.5066443E-02
  -2.256564      4.2674404E-02
  -2.244561      5.9340071E-02
  -2.232558      7.1023867E-02
  -2.220555      7.5030990E-02
  -2.208552      7.0828065E-02
  -2.196549      6.0068991E-02
  -2.184546      4.6011027E-02
  -2.172543      3.2043975E-02
  -2.160540      2.0640666E-02
  -2.148537      1.2767009E-02
  -2.136534      7.9677468E-03
  -2.124531      4.9944879E-03
  -2.112528      2.7866091E-03
  -2.100525      1.2662336E-03
  -2.088522      1.2558068E-03
  -2.076519      3.8247022E-03
  -2.064516      9.4215283E-03
  -2.052513      1.7147858E-02
  -2.040510      2.4600400E-02
  -2.028507      2.8750915E-02
  -2.016504      2.7485851E-02
  -2.004501      2.0812415E-02
  -1.992498      1.1352440E-02
  -1.980495      3.7961630E-03
  -1.968492      3.1692707E-03
  -1.956489      1.2199162E-02
  -1.944486      2.9440429E-02
  -1.932483      4.9415119E-02
  -1.920480      6.4302713E-02
  -1.908477      6.7006186E-02
  -1.896474      5.4745767E-02
  -1.884471      3.2095291E-02
  -1.872468      1.0217998E-02
  -1.860465      2.7402393E-03
  -1.848462      2.0321146E-02
  -1.836459      6.5139003E-02
  -1.824456      0.1272998    
  -1.812453      0.1853119    
  -1.800450      0.2139858    
  -1.788447      0.1960123    
  -1.776444      0.1325605    
  -1.764441      5.0315317E-02
  -1.752438      2.6251893E-03
  -1.740435      6.2121715E-02
  -1.728432      0.2995777    
  -1.716429      0.7602789    
  -1.704426       1.446960    
  -1.692423       2.315270    
  -1.680420       3.269433    
  -1.668417       4.162642    
  -1.656414       4.830249    
  -1.644411       5.152069    
  -1.632408       5.107810    
  -1.620405       4.768976    
  -1.608402       4.165967    
  -1.596399       3.222549    
  -1.584396       2.118243    
  -1.572393       1.244057    
  -1.560390      0.6502199    
  -1.548387      0.2804282    
  -1.536384      4.6412580E-02
  -1.524381      1.4563779E-02
  -1.512378      9.4029509E-02
  -1.500375      0.1919353    
  -1.488372      0.2648211    
  -1.476369      0.2721446    
  -1.464366      0.2269180    
  -1.452363      0.1515783    
  -1.440360      7.6211721E-02
  -1.428357      2.3562681E-02
  -1.416354      3.6133756E-03
  -1.404351      1.4081651E-02
  -1.392348      3.8844559E-02
  -1.380345      5.9242472E-02
  -1.368342      8.2450874E-02
  -1.356339      0.1174998    
  -1.344336      0.1049021    
  -1.332333      5.4606516E-02
  -1.320330      2.5086185E-02
  -1.308327      7.2630090E-03
  -1.296324      4.4784825E-03
  -1.284321      1.6167885E-02
  -1.272318      6.7201771E-02
  -1.260315      7.7036165E-02
  -1.248312      4.6280984E-02
  -1.236309      3.9962761E-02
  -1.224306      4.2325187E-02
  -1.212303      2.5531037E-02
  -1.200300      9.6832477E-03
  -1.188297      7.4385069E-03
  -1.176294      8.0242567E-03
  -1.164291      1.1178948E-02
  -1.152288      2.0247815E-02
  -1.140285      2.0916069E-02
  -1.128282      1.5417643E-02
  -1.116279      1.2121578E-02
  -1.104276      9.1023808E-03
  -1.092273      1.1466954E-02
  -1.080270      7.9114474E-03
  -1.068267      2.2620622E-03
  -1.056264      1.7636021E-03
  -1.044261      2.9739337E-03
  -1.032258      9.7997673E-03
  -1.020255      7.7352643E-02
  -1.008252      0.1282350    
 -0.9962491      2.9930871E-02
 -0.9842461      1.7267012E-03
 -0.9722431      2.1588959E-02
 -0.9602401      2.6596557E-02
 -0.9482371      6.3606552E-03
 -0.9362341      9.9917706E-03
 -0.9242311      1.3049213E-03
 -0.9122280      1.1948248E-05
 -0.9002250      6.0449285E-04
 -0.8882220      7.0057332E-04
 -0.8762190      7.6498056E-04
 -0.8642160      3.3190011E-03
 -0.8522130      1.7730736E-03
 -0.8402101      2.8730373E-04
 -0.8282071      2.6617025E-03
 -0.8162041      2.8647834E-03
 -0.8042011      2.4732074E-04
 -0.7921981      2.1537879E-04
 -0.7801951      1.7710309E-04
 -0.7681921      1.2757313E-04
 -0.7561890      1.2524547E-03
 -0.7441860      2.3860431E-03
 -0.7321830      2.7517264E-04
 -0.7201800      9.5915675E-05
 -0.7081770      3.2071117E-04
 -0.6961740      2.7714079E-04
 -0.6841710      4.9333546E-05
 -0.6721680      4.7181518E-05
 -0.6601650      9.3466864E-05
 -0.6481621      2.1651969E-04
 -0.6361591      3.8373910E-04
 -0.6241561      1.5903461E-04
 -0.6121531      3.7101514E-03
 -0.6001500      6.0722562E-03
 -0.5881470     -3.2960099E-05
 -0.5761440      1.5063667E-04
 -0.5641410      1.2322454E-03
 -0.5521380      5.1778706E-04
 -0.5401350      7.6265555E-05
 -0.5281320      8.4426087E-05
 -0.5161290      9.2543101E-05
 -0.5041260      8.0857317E-05
 -0.4921230      3.4559805E-05
 -0.4801200     -2.8159691E-05
 -0.4681170      6.3885684E-04
 -0.4561140      6.4111166E-03
 -0.4441110      1.2119543E-03
 -0.4321080      1.3042703E-04
 -0.4201050      1.1057024E-04
 -0.4081020      1.2215415E-04
 -0.3960990      1.1404426E-04
 -0.3840960      1.0560127E-04
 -0.3720930      1.8737954E-04
 -0.3600900      1.1163319E-03
 -0.3480870      7.1403448E-04
 -0.3360840      5.2865100E-05
 -0.3240810      7.7484270E-05
 -0.3120780      1.1112188E-04
 -0.3000750      1.2056131E-04
 -0.2880720      1.1311525E-04
 -0.2760690      8.9727473E-05
 -0.2640660      5.7544443E-05
 -0.2520630      2.7104559E-05
 -0.2400600      9.4343759E-06
 -0.2280570      1.2233752E-05
 -0.2160540      3.5820958E-05
 -0.2040510      7.3251598E-05
 -0.1920480      1.1215219E-04
 -0.1800450      1.3844614E-04
 -0.1680420      1.4175204E-04
 -0.1560390      1.1852956E-04
 -0.1440360      8.1951795E-05
 -0.1320330      1.6020019E-04
 -0.1200300      1.9126374E-04
 -0.1080270      7.5126569E-05
 -9.6024007E-02  1.3566010E-04
 -8.4021002E-02  2.5597034E-04
 -7.2018005E-02  4.0612792E-04
 -6.0015004E-02  5.6183949E-04
 -4.8012003E-02  6.8819715E-04
 -3.6009002E-02  8.0810423E-04
 -2.4006002E-02  1.6260258E-03
 -1.2003001E-02  2.0516911E-03
  0.0000000E+00  6.7004946E-04
  1.2003001E-02  4.7926855E-04
  2.4006002E-02  3.7016731E-04
  3.6009002E-02  2.6323856E-04
  4.8012003E-02  1.8796836E-04
  6.0015004E-02  1.2364307E-04
  7.2018005E-02  6.2405583E-05
  8.4021002E-02  4.0365390E-05
  9.6024007E-02  1.0571461E-04
  0.1080270      3.2016661E-04
  0.1200300      1.0150698E-04
  0.1320330      5.9232087E-05
  0.1440360      4.3625946E-04
  0.1560390      4.3664351E-03
  0.1680420      1.9559741E-03
  0.1800450      3.3551449E-05
  0.1920480      1.4672986E-04
  0.2040510      1.3181340E-04
  0.2160540      2.9902256E-05
  0.2280570      7.3740201E-05
  0.2400600      1.5164728E-04
  0.2520630      2.0943167E-04
  0.2640660      7.2826905E-04
  0.2760690      2.7095967E-03
  0.2880720      3.9881218E-04
  0.3000750      1.7088088E-04
  0.3120780      7.4788819E-05
  0.3240810      1.4038672E-04
  0.3360840      3.8760195E-03
  0.3480870      3.7145589E-03
  0.3600900      7.0604740E-04
  0.3720930      1.7306831E-03
  0.3840960      1.2942840E-03
  0.3960990      1.7271610E-03
  0.4081020      8.5372909E-04
  0.4201050     -3.9511279E-04
  0.4321080     -2.0462896E-03
  0.4441110      4.2943042E-02
  0.4561140      8.7098293E-02
  0.4681170      1.0378109E-02
  0.4801200      1.5056929E-02
  0.4921230     -1.7002346E-02
  0.5041260     -3.2004837E-02
  0.5161290       1.756029    
  0.5281320       2.276421    
  0.5401350      4.4028219E-02
  0.5521380      1.2875905E-02
  0.5641410      0.1586593    
  0.5761440      0.1055174    
  0.5881470      5.1511306E-02
  0.6001500      2.0766709E-02
  0.6121531      1.3002158E-02
  0.6241561      8.3035799E-03
  0.6361591      5.1257159E-03
  0.6481621      4.4820029E-03
  0.6601650      4.9896841E-03
  0.6721680      1.9506592E-03
  0.6841710      1.6905168E-03
  0.6961740      2.0321338E-03
  0.7081770      2.0929857E-03
  0.7201800      1.9075024E-03
  0.7321830      1.1900421E-03
  0.7441860      6.0424418E-04
  0.7561890      2.4923397E-04
  0.7681921      1.2341670E-04
  0.7801951      4.8581566E-04
  0.7921981      1.2954823E-03
  0.8042011      9.2833652E-04
  0.8162041      9.2794019E-04
  0.8282071      9.4523828E-04
  0.8402101      6.0064060E-04
  0.8522130      4.3735901E-04
  0.8642160      4.2419002E-04
  0.8762190      7.3727116E-04
  0.8882220      1.0738687E-03
  0.9002250      1.7819703E-03
  0.9122280      2.3927726E-03
  0.9242311      5.3649452E-03
  0.9362341      2.4749381E-03
  0.9482371      8.4817794E-04
  0.9602401      5.8671384E-04
  0.9722431      5.9419608E-04
  0.9842461      1.2296421E-02
  0.9962491      3.7123379E-03
   1.008252      4.9874200E-03
   1.020255      2.0630335E-02
   1.032258      2.4750225E-02
   1.044261      4.1579984E-02
   1.056264      3.5547286E-02
   1.068267      2.7959211E-02
   1.080270      0.1098257    
   1.092273      8.9447640E-02
   1.104276      8.0496743E-02
   1.116279      4.6017244E-02
   1.128282      3.5067160E-02
   1.140285      4.2304069E-02
   1.152288      5.0241794E-02
   1.164291      2.1880176E-02
   1.176294      1.6298899E-02
   1.188297      2.6709249E-02
   1.200300      4.1025173E-02
   1.212303      1.9909583E-02
   1.224306      1.3268244E-02
   1.236309      1.5323248E-02
   1.248312      1.1716594E-02
   1.260315      1.6267098E-02
   1.272318      2.9580746E-02
   1.284321      3.9433394E-02
   1.296324      3.2568861E-02
   1.308327      1.1455233E-02
   1.320330      5.2923150E-03
   1.332333      9.7158318E-03
   1.344336      1.4912428E-02
   1.356339      2.0582065E-02
   1.368342      2.6476135E-02
   1.380345      2.9222932E-02
   1.392348      2.8816422E-02
   1.404351      2.1981925E-02
   1.416354      1.0113468E-02
   1.428357      3.8726751E-03
   1.440360      6.0934750E-03
   1.452363      1.3237540E-02
   1.464366      2.2369511E-02
   1.476369      3.0348632E-02
   1.488372      3.1689506E-02
   1.500375      2.5954429E-02
   1.512378      1.7303955E-02
   1.524381      9.3782460E-03
   1.536384      4.4709053E-03
   1.548387      4.8888065E-03
   1.560390      1.1330670E-02
   1.572393      2.2418197E-02
   1.584396      3.2893285E-02
   1.596399      3.9047744E-02
   1.608402      4.1508958E-02
   1.620405      4.0323325E-02
   1.632408      3.5286993E-02
   1.644411      2.7951617E-02
   1.656414      2.0509681E-02
   1.668417      1.4326284E-02
   1.680420      9.7827716E-03
   1.692423      6.5762685E-03
   1.704426      4.2225351E-03
   1.716429      2.5205736E-03
   1.728432      1.6392734E-03
   1.740435      1.9139616E-03
   1.752438      3.5061631E-03
   1.764441      6.0822987E-03
   1.776444      8.7370770E-03
   1.788447      1.0346593E-02
   1.800450      1.0084048E-02
   1.812453      7.8546610E-03
   1.824456      4.4856165E-03
   1.836459      1.5211354E-03
   1.848462      5.5490981E-04
   1.860465      2.4369268E-03
   1.872468      6.8416456E-03
   1.884471      1.2300569E-02
   1.896474      1.6701862E-02
   1.908477      1.8131331E-02
   1.920480      1.5843337E-02
   1.932483      1.0733423E-02
   1.944486      4.9567502E-03
   1.956489      1.1106164E-03
   1.968492      1.1938267E-03
   1.980495      5.7058181E-03
   1.992498      1.3172545E-02
   2.004501      2.0693148E-02
   2.016504      2.5184222E-02
   2.028507      2.4658959E-02
   2.040510      1.9113528E-02
   2.052513      1.0784173E-02
   2.064516      3.5753036E-03
   2.076519      1.5462161E-03
   2.088522      7.2767511E-03
   2.100525      2.0871539E-02
   2.112528      3.9828498E-02
   2.124531      5.9718058E-02
   2.136534      7.5478889E-02
   2.148537      8.3293907E-02
   2.160540      8.1723526E-02
   2.172543      7.1932666E-02
   2.184546      5.6984957E-02
   2.196549      4.0700369E-02
   2.208552      2.6370713E-02
   2.220555      1.5794365E-02
   2.232558      9.0621533E-03
   2.244561      5.1984545E-03
   2.256564      2.9206758E-03
   2.268567      1.3763519E-03
   2.280570      5.0201843E-04
   2.292573      8.5275882E-04
   2.304576      2.9347499E-03
   2.316579      6.5772012E-03
   2.328582      1.0743963E-02
   2.340585      1.3822357E-02
   2.352588      1.4308666E-02
   2.364591      1.1681851E-02
   2.376594      6.9623939E-03
   2.388597      2.4256385E-03
   2.400600      6.8033685E-04
   2.412603      3.5187341E-03
   2.424606      1.0907610E-02
   2.436609      2.0596528E-02
   2.448612      2.8779494E-02
   2.460615      3.1820633E-02
   2.472618      2.7967377E-02
   2.484621      1.8417381E-02
   2.496624      7.4022477E-03
   2.508627      9.5490069E-04
   2.520630      4.3472485E-03
   2.532633      1.9360982E-02
   2.544636      4.2939935E-02
   2.556639      6.7640863E-02
   2.568642      8.3856083E-02
   2.580645      8.3494052E-02
   2.592648      6.4482011E-02
   2.604651      3.3852581E-02
   2.616654      7.3314896E-03
   2.628657      6.2365145E-03
   2.640660      5.2188262E-02
   2.652663      0.1605578    
   2.664666      0.3340846    
   2.676669      0.5590065    
   2.688672      0.8072411    
   2.700675       1.041868    
   2.712678       1.224421    
   2.724681       1.323358    
   2.736684       1.321715    
   2.748687       1.222062    
   2.760690       1.043691    
   2.772693      0.8177077    
   2.784696      0.5800192    
   2.796699      0.3641413    
   2.808702      0.1941386    
   2.820705      8.0629967E-02
   2.832708      2.1091402E-02
   2.844711      3.5516708E-03
   2.856714      1.1537967E-02
   2.868717      2.8734168E-02
   2.880720      4.2757235E-02
   2.892723      4.7389567E-02
   2.904726      4.2248860E-02
   2.916729      3.0786298E-02
   2.928732      1.7870562E-02
   2.940735      7.7138715E-03
   2.952738      2.5318703E-03
   2.964741      2.1837922E-03
   2.976744      4.8268219E-03
   2.988747      8.1106946E-03
   3.000750      1.0143384E-02
   3.012753      1.0073029E-02
   3.024756      8.1714680E-03
   3.036759      5.4843230E-03
   3.048762      3.1986758E-03
   3.060765      2.0918362E-03
   3.072768      2.3027686E-03
   3.084771      3.3882139E-03
   3.096774      4.5995470E-03
   3.108777      5.2567255E-03
   3.120780      5.0635431E-03
   3.132783      4.1881418E-03
   3.144786      3.1374537E-03
   3.156789      2.5104482E-03
   3.168792      2.7353973E-03
   3.180795      3.8860356E-03
   3.192798      5.6406930E-03
   3.204801      7.4329395E-03
   3.216804      8.6805187E-03
   3.228807      8.9870030E-03
   3.240810      8.2862247E-03
   3.252813      6.8415096E-03
   3.264816      5.1521813E-03
   3.276819      3.7387377E-03
   3.288822      2.9629797E-03
   3.300825      2.9281366E-03
   3.312828      3.4673710E-03
   3.324831      4.2302874E-03
   3.336834      4.8278645E-03
   3.348837      4.9852994E-03
   3.360840      4.6289349E-03
   3.372843      3.8815450E-03
   3.384846      2.9930642E-03
   3.396849      2.2329746E-03
   3.408852      1.7835363E-03
   3.420855      1.6748474E-03
   3.432858      1.7996567E-03
   3.444861      1.9819592E-03
   3.456864      2.0624006E-03
   3.468867      1.9647810E-03
   3.480870      1.7253639E-03
   3.492873      1.4665150E-03
   3.504876      1.3211708E-03
   3.516879      1.3612317E-03
   3.528882      1.5602341E-03
   3.540885      1.8015901E-03
   3.552888      1.9286858E-03
   3.564891      1.8223603E-03
   3.576894      1.4701477E-03
   3.588897      9.7907637E-04
   3.600900      5.3495960E-04
   3.612903      3.2738032E-04
   3.624906      4.6802231E-04
   3.636909      9.2885765E-04
   3.648912      1.5421236E-03
   3.660915      2.0685028E-03
   3.672918      2.2938773E-03
   3.684921      2.1152301E-03
   3.696924      1.5893715E-03
   3.708927      9.2221028E-04
   3.720930      3.9138630E-04
   3.732933      2.3001870E-04
   3.744936      5.4035953E-04
   3.756939      1.2579260E-03
   3.768942      2.1726124E-03
   3.780945      3.0032808E-03
   3.792948      3.5077392E-03
   3.804951      3.5681501E-03
   3.816954      3.2139944E-03
   3.828957      2.5897159E-03
   3.840960      1.8926287E-03
   3.852963      1.2949408E-03
   3.864966      8.8543235E-04
   3.876969      6.5568375E-04
   3.888972      5.4179144E-04
   3.900975      4.7397049E-04
   3.912978      4.1627674E-04
   3.924981      3.7909939E-04
   3.936984      4.0121222E-04
   3.948987      5.0672109E-04
   3.960990      6.7143812E-04
   3.972993      8.2271820E-04
   3.984996      8.7089225E-04
   3.996999      7.5899140E-04
   4.009002      5.0948042E-04
   4.021005      2.3667197E-04
   4.033008      1.0255907E-04
   4.045011      2.4156173E-04
   4.057014      6.8957405E-04
   4.069017      1.3442576E-03
   4.081020      1.9823422E-03
   4.093023      2.3465892E-03
   4.105026      2.2688629E-03
   4.117029      1.7554865E-03
   4.129032      1.0047919E-03
   4.141035      3.4721440E-04
   4.153038      1.1885282E-04
   4.165041      4.9805315E-04
   4.177044      1.4029240E-03
   4.189047      2.5108221E-03
   4.201050      3.3775996E-03
   4.213053      3.6148459E-03
   4.225056      3.0719021E-03
   4.237059      1.9560757E-03
   4.249062      7.8940880E-04
   4.261065      2.1055210E-04
   4.273068      7.3785783E-04
   4.285071      2.5605240E-03
   4.297074      5.4252138E-03
   4.309077      8.6664492E-03
   4.321080      1.1447899E-02
   4.333083      1.3056642E-02
   4.345086      1.3129068E-02
   4.357089      1.1747990E-02
   4.369092      9.3968082E-03
   4.381095      6.7743165E-03
   4.393098      4.5013600E-03
   4.405101      2.9027266E-03
   4.417104      1.9752916E-03
   4.429107      1.4770797E-03
   4.441110      1.0997612E-03
   4.453113      6.6383032E-04
   4.465117      2.4397580E-04
   4.477119      1.0976566E-04
   4.489122      5.3667830E-04
   4.501125      1.6149014E-03
   4.513128      3.1296031E-03
   4.525131      4.5734202E-03
   4.537134      5.3352667E-03
   4.549137      5.0248420E-03
   4.561140      3.7029672E-03
   4.573143      1.9184973E-03
   4.585146      5.3978065E-04
   4.597149      4.1504714E-04
   4.609152      1.9471203E-03
   4.621155      4.7755209E-03
   4.633158      7.8795422E-03
   4.645161      9.9615976E-03
   4.657164      9.9985367E-03
   4.669168      7.7724867E-03
   4.681170      4.1930084E-03
   4.693173      1.1057404E-03
   4.705176      5.1743689E-04
   4.717179      3.6986417E-03
   4.729182      1.0470201E-02
   4.741185      1.8930821E-02
   4.753188      2.5822992E-02
   4.765191      2.7835712E-02
   4.777194      2.3334529E-02
   4.789197      1.3641833E-02
   4.801200      3.5707336E-03
   4.813203      8.8452047E-04
   4.825206      1.4740448E-02
   4.837209      5.2765854E-02
   4.849212      0.1180420    
   4.861215      0.2074945    
   4.873219      0.3116295    
   4.885221      0.4158423    
   4.897224      0.5031072    
   4.909227      0.5578119    
   4.921230      0.5702077    
   4.933233      0.5382846    
   4.945236      0.4680765    
   4.957239      0.3721132    
   4.969242      0.2666667    
   4.981246      0.1681158    
   4.993248      8.8956818E-02
   5.005251      3.5461694E-02
   5.017254      7.6308283E-03
   5.029257      4.3727431E-04
   5.041260      5.8931038E-03
   5.053263      1.5571008E-02
   5.065266      2.3038145E-02
   5.077270      2.5119521E-02
   5.089272      2.1734728E-02
   5.101275      1.4951147E-02
   5.113278      7.6927897E-03
   5.125281      2.4568916E-03
   5.137284      3.9632982E-04
   5.149287      1.1678432E-03
   5.161290      3.4643665E-03
   5.173293      5.7147946E-03
   5.185297      6.7334343E-03
   5.197299      6.1168494E-03
   5.209302      4.3076738E-03
   5.221305      2.2145303E-03
   5.233308      7.1884471E-04
   5.245311      3.1904702E-04
   5.257314      9.7929838E-04
   5.269317      2.2042049E-03
   5.281320      3.3012959E-03
   5.293324      3.7365207E-03
   5.305326      3.3469950E-03
   5.317329      2.3510640E-03
   5.329332      1.2138498E-03
   5.341335      4.3206828E-04
   5.353338      3.1725728E-04
   5.365341      8.6776906E-04
   5.377344      1.8337895E-03
   5.389348      2.8749800E-03
   5.401350      3.7308680E-03
   5.413353      4.3387148E-03
   5.425356      4.8580538E-03
   5.437359      5.5662892E-03
   5.449362      6.6811685E-03
   5.461365      8.2186693E-03
   5.473368      9.9436119E-03
   5.485371      1.1422941E-02
   5.497375      1.2162893E-02
   5.509377      1.1817711E-02
   5.521380      1.0333793E-02
   5.533383      7.9788202E-03
   5.545386      5.2596191E-03
   5.557389      2.7649200E-03
   5.569392      9.8697178E-04
   5.581395      1.5725404E-04
   5.593399      1.9667605E-04
   5.605402      7.9038006E-04
   5.617404      1.5228454E-03
   5.629407      2.0262392E-03
   5.641410      2.0937731E-03
   5.653413      1.7350673E-03
   5.665416      1.1326477E-03
   5.677419      5.3371763E-04
   5.689422      1.4455938E-04
   5.701426      5.7734520E-05
   5.713428      2.3111163E-04
   5.725431      5.2084663E-04
   5.737434      7.5843441E-04
   5.749437      8.2764844E-04
   5.761440      7.0415775E-04
   5.773443      4.5300162E-04
   5.785446      1.9220510E-04
   5.797450      3.6549525E-05
   5.809453      4.3590368E-05
   5.821455      1.9516211E-04
   5.833458      4.1309567E-04
   5.845461      5.9690239E-04
   5.857464      6.6696055E-04
   5.869467      5.9727923E-04
   5.881470      4.2542757E-04
   5.893473      2.2931669E-04
   5.905477      9.2205963E-05
   5.917480      6.9674104E-05
   5.929482      1.6965094E-04
   5.941485      3.5242731E-04
   5.953488      5.4901722E-04
   5.965491      6.9227052E-04
   5.977494      7.4070174E-04
   5.989497      6.8945193E-04
   6.001501      5.6711602E-04
   6.013504      4.2010040E-04
   6.025506      2.9255639E-04
   6.037509      2.1025039E-04
   6.049512      1.7709388E-04
   6.061515      1.7954076E-04
   6.073518      1.9694692E-04
   6.085521      2.1273177E-04
   6.097524      2.2063470E-04
   6.109528      2.2329728E-04
   6.121531      2.2616072E-04
   6.133533      2.3165475E-04
   6.145536      2.3585238E-04
   6.157539      2.2952064E-04
   6.169542      2.0373346E-04
   6.181545      1.5753444E-04
   6.193548      9.9794634E-05
   6.205552      4.7079480E-05
   6.217555      1.7436099E-05
   6.229558      2.2475433E-05
   6.241560      6.0623381E-05
   6.253563      1.1589473E-04
   6.265566      1.6502468E-04
   6.277569      1.8680491E-04
   6.289572      1.7105763E-04
   6.301575      1.2382570E-04
   6.313579      6.6035762E-05
   6.325582      2.5079482E-05
   6.337584      2.2232527E-05
   6.349587      6.3839099E-05
   6.361590      1.3779623E-04
   6.373593      2.1724628E-04
   6.385596      2.7087543E-04
   6.397599      2.7646418E-04
   6.409602      2.3091912E-04
   6.421606      1.5180472E-04
   6.433609      7.1992246E-05
   6.445611      2.7720269E-05
   6.457614      4.4837270E-05
   6.469617      1.2837323E-04
   6.481620      2.6012407E-04
   6.493623      4.0574453E-04
   6.505626      5.2636379E-04
   6.517630      5.9195276E-04
   6.529633      5.9120922E-04
   6.541636      5.3335191E-04
   6.553638      4.4282406E-04
   6.565641      3.4802186E-04
   6.577644      2.7082924E-04
   6.589647      2.1946328E-04
   6.601650      1.8838167E-04
   6.613653      1.6454859E-04
   6.625657      1.3601965E-04
   6.637660      9.9245823E-05
   6.649662      6.1641425E-05
   6.661665      3.7265152E-05
   6.673668      3.8498809E-05
   6.685671      6.8146117E-05
   6.697674      1.1602876E-04
   6.709677      1.6196552E-04
   6.721681      1.8490308E-04
   6.733684      1.7507505E-04
   6.745687      1.4142785E-04
   6.757689      1.0984184E-04
   6.769692      1.1245412E-04
   6.781695      1.7296207E-04
   6.793698      2.9079572E-04
   6.805701      4.3410718E-04
   6.817704      5.4940331E-04
   6.829708      5.8398180E-04
   6.841711      5.1246455E-04
   6.853714      3.5549019E-04
   6.865716      1.8497916E-04
   6.877719      1.0338693E-04
   6.889722      2.0056702E-04
   6.901725      5.0831388E-04
   6.913728      9.7038544E-04
   6.925732      1.4438881E-03
   6.937735      1.7363585E-03
   6.949738      1.6883812E-03
   6.961740      1.2643436E-03
   6.973743      6.1828521E-04
   6.985746      1.0543732E-04
   6.997749      2.3060304E-04
   7.009752      1.5342645E-03
   7.021755      4.4074249E-03
   7.033759      8.9369286E-03
   7.045762      1.4816278E-02
   7.057765      2.1352094E-02
   7.069767      2.7578592E-02
   7.081770      3.2419857E-02
   7.093773      3.5000373E-02
   7.105776      3.4832101E-02
   7.117779      3.1954184E-02
   7.129783      2.6894685E-02
   7.141786      2.0570187E-02
   7.153789      1.4057862E-02
   7.165792      8.3453171E-03
   7.177794      4.0943800E-03
   7.189797      1.5423524E-03
   7.201800      5.2236667E-04
   7.213803      5.7884346E-04
   7.225806      1.1320743E-03
   7.237810      1.6673958E-03
   7.249813      1.8746069E-03
   7.261816      1.6838108E-03
   7.273818      1.2177626E-03
   7.285821      6.9747755E-04
   7.297824      3.3414006E-04
   7.309827      2.3646727E-04
   7.321830      3.8041515E-04
   7.333834      6.4443448E-04
   7.345837      8.7482808E-04
   7.357840      9.5320097E-04
   7.369843      8.4244134E-04
   7.381845      5.9895503E-04
   7.393848      3.3563556E-04
   7.405851      1.6288199E-04
   7.417854      1.4105007E-04
   7.429857      2.5915416E-04
   7.441861      4.4371487E-04
   7.453864      5.9532205E-04
   7.465867      6.4021838E-04
   7.477870      5.6348910E-04
   7.489872      4.1210937E-04
   7.501875      2.6945668E-04
   7.513878      2.1551858E-04
   7.525881      2.8511605E-04
   7.537884      4.4684851E-04
   7.549888      6.2021398E-04
   7.561891      7.1578770E-04
   7.573894      6.8188825E-04
   7.585896      5.3862209E-04
   7.597899      3.8475246E-04
   7.609902      3.6352026E-04
   7.621905      6.0080941E-04
   7.633908      1.1472881E-03
   7.645912      1.9446803E-03
   7.657915      2.8273030E-03
   7.669918      3.5652423E-03
   7.681921      3.9454987E-03
   7.693923      3.8500200E-03
   7.705926      3.2964542E-03
   7.717929      2.4344730E-03
   7.729932      1.5015990E-03
   7.741935      7.4806844E-04
   7.753939      3.4558488E-04
   7.765942      3.3418162E-04
   7.777945      6.2167068E-04
   7.789948      1.0272862E-03
   7.801950      1.3495751E-03
   7.813953      1.4406751E-03
   7.825956      1.2637228E-03
   7.837959      8.9746714E-04
   7.849963      4.9085374E-04
   7.861966      2.0057843E-04
   7.873969      1.3036189E-04
   7.885972      2.9057352E-04
   7.897974      5.9331313E-04
   7.909977      8.9626946E-04
   7.921980      1.0662116E-03
   7.933983      1.0302209E-03
   7.945986      8.0228364E-04
   7.957990      4.7691658E-04
   7.969993      1.9074111E-04
   7.981996      5.9898812E-05
   7.993999      1.3292822E-04
   8.006001      3.7565336E-04
   8.018004      6.8656990E-04
   8.030007      9.3659514E-04
   8.042010      1.0220169E-03
   8.054013      9.1088709E-04
   8.066016      6.5066823E-04
   8.078019      3.4634687E-04
   8.090022      1.1970687E-04
   8.102025      6.4496497E-05
   8.114029      2.1058193E-04
   8.126032      5.1249459E-04
   8.138035      8.7564066E-04
   8.150038      1.1932543E-03
   8.162041      1.3827443E-03
   8.174044      1.4093269E-03
   8.186047      1.2917656E-03
   8.198050      1.0868881E-03
   8.210052      8.5684680E-04
   8.222055      6.4744503E-04
   8.234058      4.7761426E-04
   8.246061      3.4356656E-04
   8.258064      2.3217332E-04
   8.270067      1.3776108E-04
   8.282070      7.0973314E-05
   8.294073      5.1582956E-05
   8.306076      9.4039417E-05
   8.318080      1.9361485E-04
   8.330083      3.1960700E-04
   8.342086      4.2153281E-04
   8.354089      4.5178877E-04
   8.366092      3.8999139E-04
   8.378095      2.5635885E-04
   8.390098      1.0877361E-04
   8.402101      2.3000397E-05
   8.414104      6.0223771E-05
   8.426106      2.3220743E-04
   8.438109      4.9181655E-04
   8.450112      7.4821757E-04
   8.462115      9.0058579E-04
   8.474118      8.8003511E-04
   8.486121      6.8492506E-04
   8.498124      3.9337625E-04
   8.510127      1.3096271E-04
   8.522131      2.0551093E-05
   8.534134      1.3165183E-04
   8.546137      4.4626763E-04
   8.558140      8.5467839E-04
   8.570143      1.1939676E-03
   8.582146      1.3199104E-03
   8.594149      1.1694974E-03
   8.606152      7.9376384E-04
   8.618155      3.5156583E-04
   8.630157      6.1957064E-05
   8.642160      1.2097929E-04
   8.654163      6.1763468E-04
   8.666166      1.4985286E-03
   8.678169      2.5802841E-03
   8.690172      3.6019187E-03
   8.702175      4.3062996E-03
   8.714178      4.5305388E-03
   8.726182      4.2572245E-03
   8.738185      3.5992232E-03
   8.750188      2.7486696E-03
   8.762191      1.9085020E-03
   8.774194      1.2268658E-03
   8.786197      7.5776147E-04
   8.798200      4.6648184E-04
   8.810203      2.8230844E-04
   8.822206      1.4799963E-04
   8.834208      5.2037383E-05
   8.846211      3.0441541E-05
   8.858214      1.3855984E-04
   8.870217      3.9838982E-04
   8.882220      7.6092966E-04
   8.894223      1.1115292E-03
   8.906226      1.3111111E-03
   8.918229      1.2577071E-03
   8.930233      9.4792538E-04
   8.942236      5.0812773E-04
   8.954239      1.5440557E-04
   8.966242      9.9411423E-05
   8.978245      4.5568086E-04
   8.990248      1.1678633E-03
   9.002251      2.0013736E-03
   9.014254      2.6148204E-03
   9.026257      2.7197667E-03
   9.038260      2.2267201E-03
   9.050262      1.3182855E-03
   9.062265      4.1974435E-04
   9.074268      6.6379107E-05
   9.086271      6.7579205E-04
   9.098274      2.3022783E-03
   9.110277      4.5404998E-03
   9.122280      6.6221580E-03
   9.134284      7.6676249E-03
   9.146287      7.0541291E-03
   9.158290      4.8092562E-03
   9.170293      1.9030666E-03
   9.182296      1.4210334E-04
   9.194299      1.7817551E-03
   9.206302      8.9454968E-03
   9.218305      2.2957960E-02
   9.230308      4.3742768E-02
   9.242311      6.9452316E-02
   9.254313      9.6766099E-02
   9.266316      0.1215273    
   9.278319      0.1396333    
   9.290322      0.1478986    
   9.302325      0.1447831    
   9.314328      0.1309139    
   9.326331      0.1089181    
   9.338335      8.2591355E-02
   9.350338      5.6068491E-02
   9.362341      3.2962970E-02
   9.374344      1.5722649E-02
   9.386347      5.1940656E-03
   9.398350      6.6213636E-04
   9.410353      4.3271456E-04
   9.422356      2.4294294E-03
   9.434359      4.7705723E-03
   9.446362      6.1721541E-03
   9.458364      6.1466326E-03
   9.470367      4.9239057E-03
   9.482370      3.1297491E-03
   9.494373      1.4489404E-03
   9.506376      3.7326838E-04
   9.518379      6.9591340E-05
   9.530382      3.8324398E-04
   9.542386      9.6056215E-04
   9.554389      1.4425932E-03
   9.566392      1.6017272E-03
   9.578395      1.3959167E-03
   9.590398      9.4914838E-04
   9.602401      4.7231867E-04
   9.614404      1.5853292E-04
   9.626407      9.8362958E-05
   9.638410      2.6175639E-04
   9.650413      5.3086982E-04
   9.662416      7.5961242E-04
   9.674418      8.3750527E-04
   9.686421      7.3520694E-04
   9.698424      5.0999812E-04
   9.710427      2.6773545E-04
   9.722430      1.1527802E-04
   9.734433      1.1871711E-04
   9.746437      2.8125069E-04
   9.758440      5.4653501E-04
   9.770443      8.2890206E-04
   9.782446      1.0528408E-03
   9.794449      1.1794341E-03
   9.806452      1.2147194E-03
   9.818455      1.1994960E-03
   9.830458      1.1867246E-03
   9.842461      1.2125334E-03
   9.854464      1.2789672E-03
   9.866467      1.3564409E-03
   9.878469      1.3969182E-03
   9.890472      1.3554555E-03
   9.902475      1.2089735E-03
   9.914478      9.7015861E-04
   9.926481      6.8225828E-04
   9.938484      4.0239550E-04
   9.950488      1.8316199E-04
   9.962491      5.6611094E-05
   9.974494      2.6053654E-05
   9.986497      6.7107736E-05
   9.998500      1.4015571E-04
   10.01050      2.0561885E-04
   10.02251      2.3715242E-04
   10.03451      2.2584741E-04
   10.04651      1.8044298E-04
   10.05851      1.2058200E-04
   10.07052      6.6842818E-05
   10.08252      3.2742377E-05
   10.09452      2.1844320E-05
   10.10653      2.8424405E-05
   10.11853      4.1588977E-05
   10.13053      5.0789116E-05
   10.14254      4.9982198E-05
   10.15454      3.9449602E-05
   10.16654      2.4178689E-05
   10.17854      1.0872013E-05
   10.19055      4.9518244E-06
   10.20255      8.1927510E-06
   10.21455      1.8231687E-05
   10.22656      3.0144147E-05
   10.23856      3.8680577E-05
   10.25056      4.0419698E-05
   10.26257      3.5080004E-05
   10.27457      2.5267644E-05
   10.28657      1.5574871E-05
   10.29857      1.0251458E-05
   10.31058      1.1632668E-05
   10.32258      1.9369798E-05
   10.33458      3.0609259E-05
   10.34659      4.1101819E-05
   10.35859      4.6940782E-05
   10.37059      4.6104629E-05
   10.38260      3.9329570E-05
   10.39460      2.9641320E-05
   10.40660      2.1147271E-05
   10.41860      1.7611597E-05
   10.43061      2.0996600E-05
   10.44261      3.0446115E-05
   10.45461      4.2771080E-05
   10.46662      5.3716500E-05
   10.47862      5.9481317E-05
   10.49062      5.8072012E-05
   10.50263      4.9816601E-05
   10.51463      3.7248210E-05
   10.52663      2.3977296E-05
   10.53863      1.3129971E-05
   10.55064      6.3826419E-06
   10.56264      3.8100848E-06
   10.57464      4.2284346E-06
   10.58665      5.9812205E-06
   10.59865      7.9595302E-06
   10.61065      9.9235958E-06
   10.62266      1.2214045E-05
   10.63466      1.5107124E-05
   10.64666      1.8244969E-05
   10.65866      2.0557152E-05
   10.67067      2.0691699E-05
   10.68267      1.8019618E-05
   10.69467      1.3378427E-05
   10.70668      9.0520598E-06
   10.71868      8.0489044E-06
   10.73068      1.2595367E-05
   10.74269      2.2400900E-05
   10.75469      3.4385055E-05
   10.76669      4.3557775E-05
   10.77870      4.5098725E-05
   10.79070      3.7189940E-05
   10.80270      2.2875824E-05
   10.81470      1.0337739E-05
   10.82671      1.0202903E-05
   10.83871      3.1418516E-05
   10.85071      7.7210127E-05
   10.86272      1.4303401E-04
   10.87472      2.1580303E-04
   10.88672      2.7800290E-04
   10.89872      3.1455967E-04
   10.91073      3.1719051E-04
   10.92273      2.8702611E-04
   10.93473      2.3438185E-04
   10.94674      1.7494155E-04
   10.95874      1.2282001E-04
   10.97074      8.5536281E-05
   10.98275      6.3016421E-05
   10.99475      4.9295526E-05
   11.00675      3.7419850E-05
   11.01875      2.4295929E-05
   11.03076      1.3640307E-05
   11.04276      1.4492947E-05
   11.05476      3.5237397E-05
   11.06677      7.7255216E-05
   11.07877      1.3159710E-04
   11.09077      1.8055228E-04
   11.10278      2.0341606E-04
   11.11478      1.8763193E-04
   11.12678      1.3775525E-04
   11.13878      7.5580130E-05
   11.15079      3.3231299E-05
   11.16279      4.0515679E-05
   11.17479      1.0941668E-04
   11.18680      2.2254423E-04
   11.19880      3.3719130E-04
   11.21080      4.0219500E-04
   11.22281      3.8210180E-04
   11.23481      2.7756463E-04
   11.24681      1.3475936E-04
   11.25881      3.7146885E-05
   11.27082      6.9379283E-05
   11.28282      2.7389155E-04
   11.29482      6.2264950E-04
   11.30683      1.0086101E-03
   11.31883      1.2723103E-03
   11.33083      1.2684772E-03
   11.34284      9.5284241E-04
   11.35484      4.4619286E-04
   11.36684      5.5765784E-05
   11.37884      2.2952915E-04
   11.39085      1.4640394E-03
   11.40285      4.1540209E-03
   11.41485      8.3959997E-03
   11.42686      1.3931087E-02
   11.43886      2.0142330E-02
   11.45086      2.6146360E-02
   11.46287      3.0942172E-02
   11.47487      3.3619653E-02
   11.48687      3.3680655E-02
   11.49887      3.1109318E-02
   11.51088      2.6379636E-02
   11.52288      2.0333553E-02
   11.53488      1.3982082E-02
   11.54689      8.2838340E-03
   11.55889      3.9440794E-03
   11.57089      1.2702144E-03
   11.58290      1.4753775E-04
   11.59490      1.6601884E-04
   11.60690      7.7935203E-04
   11.61891      1.4577045E-03
   11.63091      1.8402678E-03
   11.64291      1.7990641E-03
   11.65491      1.4068871E-03
   11.66692      8.5751642E-04
   11.67892      3.6760629E-04
   11.69092      8.8474684E-05
   11.70293      6.1696330E-05
   11.71493      2.1775013E-04
   11.72693      4.3198260E-04
   11.73893      5.8403856E-04
   11.75094      6.0281105E-04
   11.76294      4.8744597E-04
   11.77494      2.9999646E-04
   11.78695      1.2813757E-04
   11.79895      4.0370800E-05
   11.81095      6.1284198E-05
   11.82296      1.6576594E-04
   11.83496      2.9496092E-04
   11.84696      3.8411134E-04
   11.85896      3.9265666E-04
   11.87097      3.2116202E-04
   11.88297      2.0508225E-04
   11.89497      9.6307609E-05
   11.90698      4.1117837E-05
   11.91898      6.0779988E-05
   11.93098      1.4323911E-04
   11.94299      2.5443378E-04
   11.95499      3.5673124E-04
   11.96699      4.2715896E-04
   11.97899      4.6668513E-04
   11.99100      4.9837836E-04
   12.00300      5.5610680E-04
   12.01500      6.6078868E-04
   12.02701      8.0874923E-04
   12.03901      9.7054272E-04
   12.05101      1.0968731E-03
   12.06302      1.1386444E-03
   12.07502      1.0668817E-03
   12.08702      8.8708726E-04
   12.09902      6.3693192E-04
   12.11103      3.7516304E-04
   12.12303      1.6190327E-04
   12.13503      3.7668226E-05
   12.14704      1.3250731E-05
   12.15904      6.5421656E-05
   12.17104      1.5081197E-04
   12.18305      2.2386308E-04
   12.19505      2.5220987E-04
   12.20705      2.2622116E-04
   12.21906      1.6020767E-04
   12.23106      8.3447994E-05
   12.24306      2.5431609E-05
   12.25506      4.0783498E-06
   12.26707      2.0019965E-05
   12.27907      5.8673799E-05
   12.29107      9.7693184E-05
   12.30308      1.1737545E-04
   12.31508      1.0946935E-04
   12.32708      7.9142381E-05
   12.33908      4.0925745E-05
   12.35109      1.2151305E-05
   12.36309      4.9548757E-06
   12.37509      2.0839894E-05
   12.38710      5.0992596E-05
   12.39910      8.1159887E-05
   12.41110      9.7949902E-05
   12.42311      9.4407253E-05
   12.43511      7.2611176E-05
   12.44711      4.2615549E-05
   12.45912      1.7490511E-05
   12.47112      7.2416406E-06
   12.48312      1.5468033E-05
   12.49512      3.8554059E-05
   12.50713      6.7482724E-05
   12.51913      9.1666821E-05
   12.53113      1.0379015E-04
   12.54314      1.0195971E-04
   12.55514      8.9240915E-05
   12.56714      7.1618459E-05
   12.57914      5.5188906E-05
   12.59115      4.3739059E-05
   12.60315      3.7440939E-05
   12.61515      3.4127414E-05
   12.62716      3.1343534E-05
   12.63916      2.7619004E-05
   12.65116      2.3406908E-05
   12.66317      2.0721924E-05
   12.67517      2.1593127E-05
   12.68717      2.6364705E-05
   12.69917      3.3224023E-05
   12.71118      3.8862454E-05
   12.72318      3.9914888E-05
   12.73518      3.4666122E-05
   12.74719      2.4310573E-05
   12.75919      1.2761304E-05
   12.77119      4.7752733E-06
   12.78320      3.9898891E-06
   12.79520      1.1299883E-05
   12.80720      2.4164114E-05
   12.81920      3.7346221E-05
   12.83121      4.5385626E-05
   12.84321      4.4909691E-05
   12.85521      3.6091071E-05
   12.86722      2.2592922E-05
   12.87922      1.0211561E-05
   12.89122      4.6390519E-06
   12.90323      8.5608890E-06
   12.91523      2.0669584E-05
   12.92723      3.6371559E-05
   12.93923      4.9508646E-05
   12.95124      5.4687898E-05
   12.96324      4.9666713E-05
   12.97524      3.6497411E-05
   12.98725      2.0606560E-05
   12.99925      8.5479269E-06
   13.01125      5.6413573E-06
   13.02326      1.4177755E-05
   13.03526      3.2583092E-05
   13.04726      5.5794462E-05
   13.05927      7.7468605E-05
   13.07127      9.2297305E-05
   13.08327      9.7268996E-05
   13.09527      9.2321796E-05
   13.10728      7.9989033E-05
   13.11928      6.4151638E-05
   13.13128      4.8311991E-05
   13.14329      3.4764966E-05
   13.15529      2.4439783E-05
   13.16729      1.7089618E-05
   13.17929      1.1925517E-05
   13.19130      8.4614085E-06
   13.20330      6.7209226E-06
   13.21530      6.8458971E-06
   13.22731      8.7828967E-06
   13.23931      1.1932251E-05
   13.25131      1.5048291E-05
   13.26332      1.6600776E-05
   13.27532      1.5663385E-05
   13.28732      1.2412354E-05
   13.29932      8.2425304E-06
   13.31133      5.4134002E-06
   13.32333      6.2554423E-06
   13.33533      1.2030923E-05
   13.34734      2.1936632E-05
   13.35934      3.3269058E-05
   13.37134      4.2321590E-05
   13.38335      4.5538192E-05
   13.39535      4.1097897E-05
   13.40735      3.0195160E-05
   13.41935      1.7175691E-05
   13.43136      8.0809914E-06
   13.44336      8.6580721E-06
   13.45536      2.2084794E-05
   13.46737      4.7022819E-05
   13.47937      7.7140365E-05
   13.49137      1.0230538E-04
   13.50338      1.1251709E-04
   13.51538      1.0160189E-04
   13.52738      7.1099406E-05
   13.53938      3.2257070E-05
   13.55139      5.6575500E-06
   13.56339      1.6936468E-05
   13.57539      8.9904526E-05
   13.58740      2.3965781E-04
   13.59940      4.6514778E-04
   13.61140      7.4788311E-04
   13.62341      1.0512009E-03
   13.63541      1.3287475E-03
   13.64741      1.5343180E-03
   13.65942      1.6296678E-03
   13.67142      1.5982742E-03
   13.68342      1.4461168E-03
   13.69542      1.2021336E-03
   13.70743      9.0925378E-04
   13.71943      6.1594171E-04
   13.73143      3.6540115E-04
   13.74344      1.8382935E-04
   13.75544      7.8073710E-05
   13.76744      3.7938775E-05
   13.77944      4.1431296E-05
   13.79145      6.3317566E-05
   13.80345      8.2420214E-05
   13.81545      8.7583685E-05
   13.82746      7.7780489E-05
   13.83946      5.9348986E-05
   13.85146      4.1453088E-05
   13.86347      3.1599458E-05
   13.87547      3.2260989E-05
   13.88747      4.0492974E-05
   13.89948      5.0407802E-05
   13.91148      5.6131135E-05
   13.92348      5.4561937E-05
   13.93548      4.6412733E-05
   13.94749      3.5698122E-05
   13.95949      2.7473847E-05
   13.97149      2.5103003E-05
   13.98350      2.8749422E-05
   13.99550      3.5712710E-05
   14.00750      4.1703621E-05
   14.01950      4.3069827E-05
   14.03151      3.9098166E-05
   14.04351      3.2204000E-05
   14.05551      2.6714235E-05
   14.06752      2.6745955E-05
   14.07952      3.3979206E-05
   14.09152      4.6243022E-05
   14.10353      5.8181111E-05
   14.11553      6.3562882E-05
   14.12753      5.8576799E-05
   14.13953      4.3934429E-05
   14.15154      2.5387844E-05
   14.16354      1.2367932E-05
   14.17554      1.4625157E-05
   14.18755      3.7483431E-05
   14.19955      7.9455967E-05
   14.21155      1.3222855E-04
   14.22356      1.8222563E-04
   14.23556      2.1516957E-04
   14.24756      2.2146454E-04
   14.25957      1.9951674E-04
   14.27157      1.5620410E-04
   14.28357      1.0455706E-04
   14.29557      5.9365393E-05
   14.30758      3.2257060E-05
   14.31958      2.7738250E-05
   14.33158      4.1755033E-05
   14.34359      6.4359658E-05
   14.35559      8.3854480E-05
   14.36759      9.0961948E-05
   14.37959      8.2150087E-05
   14.39160      6.0978047E-05
   14.40360      3.6088775E-05
   14.41560      1.7093176E-05
   14.42761      1.0745523E-05
   14.43961      1.8445948E-05
   14.45161      3.5886242E-05
   14.46362      5.4836823E-05
   14.47562      6.6707493E-05
   14.48762      6.6369437E-05
   14.49963      5.3860444E-05
   14.51163      3.4081404E-05
   14.52363      1.4962826E-05
   14.53563      4.1181370E-06
   14.54764      5.4611728E-06
   14.55964      1.7913655E-05
   14.57164      3.6165955E-05
   14.58365      5.2734275E-05
   14.59565      6.0913502E-05
   14.60765      5.7461926E-05
   14.61965      4.4009230E-05
   14.63166      2.6077209E-05
   14.64366      1.0637668E-05
   14.65566      3.7043555E-06
   14.66767      8.3067434E-06
   14.67967      2.3416234E-05
   14.69167      4.4425829E-05
   14.70368      6.5403168E-05
   14.71568      8.1154467E-05
   14.72768      8.8474524E-05
   14.73969      8.6876280E-05
   14.75169      7.8237601E-05
   14.76369      6.5646163E-05
   14.77569      5.1831732E-05
   14.78770      3.8597231E-05
   14.79970      2.6946518E-05
   14.81170      1.7260229E-05
   14.82371      9.9410199E-06
   14.83571      5.7729203E-06
   14.84771      5.5516912E-06
   14.85971      9.4495135E-06
   14.87172      1.6485277E-05
   14.88372      2.4462704E-05
   14.89572      3.0425732E-05
   14.90773      3.1725853E-05
   14.91973      2.7408742E-05
   14.93173      1.8942279E-05
   14.94374      9.7637021E-06
   14.95574      4.1956423E-06
   14.96774      5.7189072E-06
   14.97974      1.5249125E-05
   14.99175      3.0201410E-05
   15.00375      4.5455439E-05
   15.01575      5.5207056E-05
   15.02776      5.5289293E-05
   15.03976      4.5117547E-05
   15.05176      2.8342234E-05
   15.06377      1.2038966E-05
   15.07577      3.4536538E-06
   15.08777      7.1633590E-06
   15.09978      2.3173199E-05
   15.11178      4.6430760E-05
   15.12378      6.8126392E-05
   15.13578      7.9296398E-05
   15.14779      7.4952681E-05
   15.15979      5.6127970E-05
   15.17179      3.0175019E-05
   15.18380      8.5459278E-06
   15.19580      3.1975997E-06
   15.20780      2.2059583E-05
   15.21980      6.5310516E-05
   15.23181      1.2523093E-04
   15.24381      1.8898169E-04
   15.25581      2.4178998E-04
   15.26782      2.7128661E-04
   15.27982      2.7193053E-04
   15.29182      2.4601576E-04
   15.30383      2.0147006E-04
   15.31583      1.4920412E-04
   15.32783      9.9769633E-05
   15.33984      6.0094131E-05
   15.35184      3.2373464E-05
   15.36384      1.5478881E-05
   15.37584      6.7018168E-06
   15.38785      3.6899091E-06
   15.39985      5.4111242E-06
   15.41185      1.1795293E-05
   15.42386      2.2590515E-05
   15.43586      3.5901237E-05
   15.44786      4.7888945E-05
   15.45986      5.3924832E-05
   15.47187      5.0754454E-05
   15.48387      3.8432572E-05
   15.49587      2.1362439E-05
   15.50788      7.7219593E-06
   15.51988      5.9761310E-06
   15.53188      2.0716172E-05
   15.54389      5.0220420E-05
   15.55589      8.5748317E-05
   15.56789      1.1380947E-04
   15.57990      1.2180206E-04
   15.59190      1.0440170E-04
   15.60390      6.7396664E-05
   15.61590      2.7009306E-05
   15.62791      4.8920906E-06
   15.63991      2.0224381E-05
   15.65191      8.0342870E-05
   15.66392      1.7317497E-04
   15.67592      2.7008168E-04
   15.68792      3.3471230E-04
   15.69993      3.3592651E-04
   15.71193      2.6430565E-04
   15.72393      1.4336601E-04
   15.73593      3.3264714E-05
   15.74794      1.8847353E-05
   15.75994      1.8805015E-04
   15.77194      6.0581561E-04
   15.78395      1.2946393E-03
   15.79595      2.2143060E-03
   15.80795      3.2559864E-03
   15.81995      4.2756335E-03
   15.83196      5.1139719E-03
   15.84396      5.6351596E-03
   15.85596      5.7507167E-03
   15.86797      5.4436154E-03
   15.87997      4.7727018E-03
   15.89197      3.8559125E-03
   15.90398      2.8448300E-03
   15.91598      1.8826564E-03
   15.92798      1.0817860E-03
   15.93999      5.0699466E-04
   15.95199      1.6994213E-04
   15.96399      3.5671266E-05
   15.97599      3.8659717E-05
   15.98800      1.0859928E-04
   16.00000      1.8530854E-04
