-16	3.2404e-05
-15.962	1.2445e-05
-15.924	2.042e-05
-15.886	5.667e-05
-15.847	4.6342e-05
-15.809	1.3424e-05
-15.771	5.9875e-06
-15.733	7.3591e-06
-15.695	9.5547e-06
-15.657	4.1571e-06
-15.619	1.3252e-05
-15.58	2.9926e-05
-15.542	9.0042e-06
-15.504	2.0295e-05
-15.466	5.3922e-05
-15.428	1.4231e-05
-15.39	8.3902e-05
-15.352	0.00024637
-15.313	0.00020381
-15.275	5.7952e-05
-15.237	1.4101e-05
-15.199	4.2561e-06
-15.161	4.3718e-05
-15.123	5.6186e-05
-15.085	7.1365e-06
-15.046	0.00012583
-15.008	9.425e-05
-14.97	3.0006e-05
-14.932	0.00041603
-14.894	0.00028424
-14.856	0.000285
-14.818	0.0041564
-14.779	0.0097941
-14.741	0.010131
-14.703	0.0034329
-14.665	0.00015431
-14.627	0.00034899
-14.589	0.00041755
-14.551	3.9611e-05
-14.513	0.00012311
-14.474	0.00012908
-14.436	3.046e-05
-14.398	8.0056e-05
-14.36	7.0325e-05
-14.322	3.3722e-05
-14.284	7.0283e-05
-14.246	8.8749e-05
-14.207	0.00010834
-14.169	9.9785e-05
-14.131	3.4618e-05
-14.093	3.9623e-06
-14.055	2.152e-05
-14.017	1.4534e-05
-13.979	3.6043e-06
-13.94	1.5221e-05
-13.902	1.0276e-05
-13.864	4.3505e-06
-13.826	1.7074e-05
-13.788	1.2258e-05
-13.75	4.0374e-06
-13.712	2.3905e-05
-13.673	2.38e-05
-13.635	2.0559e-06
-13.597	9.8633e-06
-13.559	6.1931e-06
-13.521	3.2079e-06
-13.483	1.2363e-05
-13.445	5.3117e-06
-13.406	1.6807e-05
-13.368	2.397e-05
-13.33	4.9957e-06
-13.292	2.9354e-05
-13.254	2.6277e-05
-13.216	1.441e-05
-13.178	9.7374e-05
-13.139	0.00011023
-13.101	2.8754e-05
-13.063	3.6021e-05
-13.025	1.4875e-05
-12.987	2.619e-05
-12.949	0.00011345
-12.911	1.8018e-05
-12.872	0.00010299
-12.834	0.00021514
-12.796	1.8422e-05
-12.758	0.00031348
-12.72	0.00053872
-12.682	3.7013e-05
-12.644	0.003072
-12.605	0.010684
-12.567	0.012927
-12.529	0.0057244
-12.491	0.00051379
-12.453	0.00032054
-12.415	0.00056563
-12.377	5.789e-05
-12.338	0.00015554
-12.3	0.00016809
-12.262	2.7419e-05
-12.224	0.00012611
-12.186	6.5173e-05
-12.148	9.9331e-05
-12.11	0.00012906
-12.072	0.00012344
-12.033	0.0007771
-11.995	0.0012619
-11.957	0.00061657
-11.919	5.5809e-05
-11.881	0.00025487
-11.843	0.00017246
-11.805	1.9588e-05
-11.766	0.00014666
-11.728	9.8389e-05
-11.69	1.7205e-05
-11.652	0.00013708
-11.614	9.6183e-05
-11.576	1.9803e-05
-11.538	0.00015131
-11.499	0.00020359
-11.461	9.76e-05
-11.423	3.4413e-05
-11.385	1.7761e-05
-11.347	4.5797e-05
-11.309	3.9261e-05
-11.271	1.3399e-05
-11.232	6.776e-05
-11.194	5.7499e-05
-11.156	1.1391e-05
-11.118	0.00011266
-11.08	7.9363e-05
-11.042	1.2553e-05
-11.004	0.00026168
-10.965	0.00042132
-10.927	0.0002343
-10.889	7.0584e-05
-10.851	3.177e-05
-10.813	2.5471e-05
-10.775	5.9842e-05
-10.737	1.4252e-05
-10.698	0.00010459
-10.66	0.00020498
-10.622	2.5747e-05
-10.584	0.00029482
-10.546	0.00061535
-10.508	4.5253e-05
-10.47	0.0019406
-10.431	0.0093973
-10.393	0.012734
-10.355	0.0079207
-10.317	0.0018774
-10.279	0.00030518
-10.241	0.00058445
-10.203	0.00020926
-10.164	0.00020618
-10.126	0.00028417
-10.088	6.3338e-05
-10.05	0.00020239
-10.012	0.0001453
-9.9738	7.456e-05
-9.9356	0.00031679
-9.8975	0.00019703
-9.8594	0.00079702
-9.8212	0.0022582
-9.7831	0.002023
-9.7449	0.00029431
-9.7068	0.00057692
-9.6687	0.0007812
-9.6305	0.00012163
-9.5924	0.00039306
-9.5542	0.00063977
-9.5161	7.598e-05
-9.4779	0.000412
-9.4398	0.00070222
-9.4017	0.00011886
-9.3635	0.00059155
-9.3254	0.0011787
-9.2872	0.00073879
-9.2491	0.00027417
-9.211	6.1653e-05
-9.1728	0.00017633
-9.1347	0.00034582
-9.0965	4.5496e-05
-9.0584	0.00029753
-9.0203	0.00068363
-8.9821	5.5021e-05
-8.944	0.0005525
-8.9058	0.001155
-8.8677	0.00011149
-8.8296	0.0013694
-8.7914	0.0041669
-8.7533	0.0035527
-8.7151	0.0010701
-8.677	0.00018254
-8.6389	9.7171e-05
-8.6007	0.00090637
-8.5626	0.00071111
-8.5244	0.00014646
-8.4863	0.0023476
-8.4482	0.0015233
-8.41	0.00047328
-8.3719	0.0068505
-8.3337	0.0042686
-8.2956	0.0062619
-8.2574	0.067572
-8.2193	0.14977
-8.1812	0.14706
-8.143	0.056886
-8.1049	0.0035612
-8.0667	0.0039584
-8.0286	0.0061785
-7.9905	0.00080901
-7.9523	0.0013307
-7.9142	0.0014685
-7.876	0.00019189
-7.8379	0.0009452
-7.7998	0.0007298
-7.7616	0.00020035
-7.7235	0.001156
-7.6853	0.0016483
-7.6472	0.0019428
-7.6091	0.0021593
-7.5709	0.00091505
-7.5328	3.939e-05
-7.4946	0.00031633
-7.4565	0.000314
-7.4184	4.26e-05
-7.3802	0.00012184
-7.3421	8.6408e-05
-7.3039	1.8316e-05
-7.2658	0.00013494
-7.2277	6.1704e-05
-7.1895	2.6595e-05
-7.1514	0.0001678
-7.1132	0.00012092
-7.0751	1.3891e-05
-7.0369	8.7913e-05
-6.9988	9.9809e-05
-6.9607	4.6004e-05
-6.9225	3.7474e-05
-6.8844	1.9451e-05
-6.8462	8.7439e-05
-6.8081	7.5317e-05
-6.77	2.7452e-05
-6.7318	0.00016343
-6.6937	0.00010433
-6.6555	8.8499e-05
-6.6174	0.00052653
-6.5793	0.000534
-6.5411	0.00015793
-6.503	0.00028833
-6.4648	5.9659e-05
-6.4267	0.00037375
-6.3886	0.00093693
-6.3504	0.00021694
-6.3123	0.00095292
-6.2741	0.0018434
-6.236	0.00025854
-6.1979	0.0032346
-6.1597	0.0042222
-6.1216	0.00097621
-6.0834	0.036677
-6.0453	0.11212
-6.0072	0.13598
-5.969	0.067756
-5.9309	0.0074948
-5.8927	0.0030901
-5.8546	0.0074644
-5.8164	0.00064127
-5.7783	0.0022754
-5.7402	0.0022873
-5.702	0.00019028
-5.6639	0.0017628
-5.6257	0.0011195
-5.5876	0.00067087
-5.5495	0.0018037
-5.5113	0.001698
-5.4732	0.0095772
-5.435	0.015212
-5.3969	0.0072764
-5.3588	0.00048335
-5.3206	0.0035782
-5.2825	0.0027046
-5.2443	0.00015456
-5.2062	0.0023587
-5.1681	0.0019069
-5.1299	0.00029168
-5.0918	0.0024759
-5.0536	0.0015805
-5.0155	0.00035271
-4.9774	0.0029473
-4.9392	0.0037618
-4.9011	0.0019003
-4.8629	0.00073821
-4.8248	0.00026614
-4.7867	0.0011323
-4.7485	0.00085893
-4.7104	0.00016906
-4.6722	0.0019461
-4.6341	0.0016344
-4.5959	0.00010518
-4.5578	0.0029162
-4.5197	0.0026655
-4.4815	0.00013538
-4.4434	0.0067567
-4.4052	0.012946
-4.3671	0.0070871
-4.329	0.0015121
-4.2908	0.00021542
-4.2527	0.00084101
-4.2145	0.0021045
-4.1764	0.00037585
-4.1383	0.0022936
-4.1001	0.0065887
-4.062	0.00050682
-4.0238	0.0083942
-3.9857	0.02052
-3.9476	0.0028848
-3.9094	0.041783
-3.8713	0.21722
-3.8331	0.36209
-3.795	0.26432
-3.7569	0.087147
-3.7187	0.0046275
-3.6806	0.013093
-3.6424	0.0093616
-3.6043	0.0027478
-3.5662	0.003763
-3.528	0.002678
-3.4899	0.0023586
-3.4517	0.0026922
-3.4136	0.0018509
-3.3754	0.0044149
-3.3373	0.0058082
-3.2992	0.0052212
-3.261	0.0080782
-3.2229	0.0082251
-3.1847	0.0043824
-3.1466	0.0050355
-3.1085	0.0050801
-3.0703	0.0022199
-3.0322	0.0042829
-2.994	0.0044773
-2.9559	0.00091855
-2.9178	0.0046567
-2.8796	0.006149
-2.8415	0.0010567
-2.8033	0.0050589
-2.7652	0.011211
-2.7271	0.0076706
-2.6889	0.0028962
-2.6508	0.00091821
-2.6126	0.0027495
-2.5745	0.0038723
-2.5364	0.00053497
-2.4982	0.0055998
-2.4601	0.010434
-2.4219	0.0011739
-2.3838	0.0080243
-2.3456	0.01825
-2.3075	0.0016433
-2.2694	0.027816
-2.2312	0.074405
-2.1931	0.055939
-2.1549	0.016738
-2.1168	0.0036718
-2.0787	0.0032221
-2.0405	0.024181
-2.0024	0.0207
-1.9642	0.0035751
-1.9261	0.061771
-1.888	0.035339
-1.8498	0.019556
-1.8117	0.18572
-1.7735	0.11249
-1.7354	0.13616
-1.6973	1.8563
-1.6591	4.5359
-1.621	4.9094
-1.5828	1.707
-1.5447	0.20028
-1.5066	0.15521
-1.4684	0.24623
-1.4303	0.0287
-1.3921	0.040322
-1.354	0.13381
-1.3159	0.023483
-1.2777	0.010577
-1.2396	0.029959
-1.2014	0.010474
-1.1633	0.0088928
-1.1251	0.0181
-1.087	0.011592
-1.0489	0.0039831
-1.0107	0.16247
-0.97259	0.0067556
-0.93445	0.00057295
-0.89631	0.00032973
-0.85816	0.010818
-0.82002	0.011533
-0.78188	0.0003893
-0.74374	0.0067722
-0.7056	8.7392e-05
-0.66746	1.7113e-05
-0.62932	0.00015056
-0.59118	9.7871e-05
-0.55304	0.0001161
-0.5149	7.6928e-05
-0.47676	9.9445e-05
-0.43862	8.9615e-05
-0.40048	0.00018193
-0.36234	0.00046047
-0.3242	5.0007e-05
-0.28605	7.656e-05
-0.24791	1.7327e-05
-0.20977	4.4477e-05
-0.17163	0.00018199
-0.13349	8.3678e-05
-0.095352	0.00013144
-0.057211	0.00061442
-0.01907	0.00077743
0.01907	0.00042382
0.057211	0.00011731
0.095352	4.7713e-05
0.13349	0.00011597
0.17163	0.00017418
0.20977	8.9302e-05
0.24791	0.00027234
0.28605	0.00026942
0.3242	2.1021e-05
0.36234	0.00063692
0.40048	0.00091916
0.43862	0.00023939
0.47676	0.070325
0.5149	0.024302
0.55304	0.045588
0.59118	0.018868
0.62932	0.013876
0.66746	0.00024259
0.7056	0.0016201
0.74374	0.00069302
0.78188	0.0034635
0.82002	0.0016998
0.85816	0.00087635
0.89631	0.00059178
0.93445	0.00078881
0.97259	0.00032677
1.0107	0.0026429
1.0489	0.054162
1.087	0.4131
1.1251	0.028241
1.1633	0.024941
1.2014	0.051223
1.2396	0.017811
1.2777	0.042659
1.3159	0.004791
1.354	0.0201
1.3921	0.021904
1.4303	0.0033081
1.4684	0.025694
1.5066	0.021999
1.5447	0.0041774
1.5828	0.028854
1.621	0.038591
1.6591	0.017791
1.6973	0.0054263
1.7354	0.0016041
1.7735	0.0081354
1.8117	0.0080018
1.8498	0.00051008
1.888	0.013074
1.9261	0.015023
1.9642	0.00081926
2.0024	0.020709
2.0405	0.018493
2.0787	0.0018073
2.1168	0.047154
2.1549	0.083853
2.1931	0.046084
2.2312	0.010115
2.2694	0.0015746
2.3075	0.0037716
2.3456	0.014701
2.3838	0.0034026
2.4219	0.0091102
2.4601	0.032102
2.4982	0.0058888
2.5364	0.025498
2.5745	0.084153
2.6126	0.020297
2.6508	0.12123
2.6889	0.85911
2.7271	1.3049
2.7652	0.96301
2.8033	0.26733
2.8415	0.0053591
2.8796	0.043028
2.9178	0.03134
2.9559	0.0022811
2.994	0.0086433
3.0322	0.0058677
3.0703	0.0022003
3.1085	0.0053086
3.1466	0.0030815
3.1847	0.0044973
3.2229	0.0088028
3.261	0.0058559
3.2992	0.0028324
3.3373	0.0046873
3.3754	0.0034131
3.4136	0.0016874
3.4517	0.0020302
3.4899	0.0015119
3.528	0.0015199
3.5662	0.0017559
3.6043	0.00044486
3.6424	0.0011198
3.6806	0.0022918
3.7187	0.00049534
3.7569	0.0014601
3.795	0.0035834
3.8331	0.0023064
3.8713	0.00076072
3.9094	0.00043464
3.9476	0.00049338
3.9857	0.000885
4.0238	0.00021855
4.062	0.00077723
4.1001	0.0023421
4.1383	0.00038879
4.1764	0.0014482
4.2145	0.0035225
4.2527	0.00053029
4.2908	0.0038329
4.329	0.012656
4.3671	0.010042
4.4052	0.0031935
4.4434	0.0010887
4.4815	0.00026038
4.5197	0.0040298
4.5578	0.0041822
4.5959	0.00033326
4.6341	0.0081101
4.6722	0.0071012
4.7104	0.00096056
4.7485	0.022362
4.7867	0.016902
4.8248	0.020682
4.8629	0.23409
4.9011	0.5329
4.9392	0.50555
4.9774	0.19918
5.0155	0.0094779
5.0536	0.015229
5.0918	0.021319
5.1299	0.0017223
5.1681	0.0053643
5.2062	0.00455
5.2443	0.00031307
5.2825	0.0033134
5.3206	0.0019973
5.3588	0.0005095
5.3969	0.0034479
5.435	0.0053316
5.4732	0.0095333
5.5113	0.011566
5.5495	0.0039491
5.5876	8.3731e-05
5.6257	0.0019287
5.6639	0.0012377
5.702	5.8466e-05
5.7402	0.00080134
5.7783	0.00037952
5.8164	8.8118e-05
5.8546	0.00066605
5.8927	0.00020352
5.9309	0.0002027
5.969	0.00072674
6.0072	0.00050593
6.0453	0.00019191
6.0834	0.00020857
6.1216	0.0002252
6.1597	0.00022379
6.1979	8.5991e-05
6.236	4.5257e-05
6.2741	0.00018891
6.3123	7.0773e-05
6.3504	6.7542e-05
6.3886	0.00027278
6.4267	0.00011594
6.4648	8.47e-05
6.503	0.00049357
6.5411	0.00055383
6.5793	0.00026593
6.6174	0.00015479
6.6555	4.5675e-05
6.6937	0.00010015
6.7318	0.00018351
6.77	0.00011191
6.8081	0.00045222
6.8462	0.00048524
6.8844	0.00011577
6.9225	0.0012443
6.9607	0.0012167
6.9988	0.00037797
7.0369	0.010669
7.0751	0.029864
7.1132	0.033666
7.1514	0.015013
7.1895	0.0017258
7.2277	0.0011321
7.2658	0.00164
7.3039	0.0002534
7.3421	0.00084822
7.3802	0.00060835
7.4184	0.00013483
7.4565	0.00061858
7.4946	0.00034719
7.5328	0.00036047
7.5709	0.00072929
7.6091	0.00038705
7.6472	0.0022594
7.6853	0.003997
7.7235	0.0019744
7.7616	0.00029364
7.7998	0.0012858
7.8379	0.00089088
7.876	0.00013576
7.9142	0.00094613
7.9523	0.00069739
7.9905	0.0001207
8.0286	0.00092776
8.0667	0.0006105
8.1049	8.1519e-05
8.143	0.001024
8.1812	0.0013656
8.2193	0.00070241
8.2574	0.00024965
8.2956	4.6368e-05
8.3337	0.00035342
8.3719	0.00031296
8.41	3.9446e-05
8.4482	0.0007223
8.4863	0.0006988
8.5244	2.1252e-05
8.5626	0.0010013
8.6007	0.0010059
8.6389	4.3122e-05
8.677	0.0022997
8.7151	0.0044414
8.7533	0.0023625
8.7914	0.00060332
8.8296	8.5918e-05
8.8677	0.00031865
8.9058	0.0013052
8.944	0.00047743
8.9821	0.00053895
9.0203	0.0026598
9.0584	0.00048468
9.0965	0.0022564
9.1347	0.0077931
9.1728	0.0015217
9.211	0.013573
9.2491	0.088209
9.2872	0.14795
9.3254	0.11554
9.3635	0.036369
9.4017	0.00025329
9.4398	0.0059398
9.4779	0.0035987
9.5161	6.9438e-05
9.5542	0.0014609
9.5924	0.00081307
9.6305	0.00012551
9.6687	0.00079955
9.7068	0.00038403
9.7449	0.00026448
9.7831	0.0010891
9.8212	0.0011855
9.8594	0.0013125
9.8975	0.001264
9.9356	0.00047088
9.9738	2.4907e-05
10.012	0.00020795
10.05	0.0001765
10.088	2.9345e-05
10.126	5.1915e-05
10.164	2.5011e-05
10.203	8.6255e-06
10.241	3.8965e-05
10.279	2.1443e-05
10.317	1.5781e-05
10.355	4.6147e-05
10.393	3.1828e-05
10.431	1.9715e-05
10.47	5.5364e-05
10.508	4.2535e-05
10.546	7.8282e-06
10.584	5.6123e-06
10.622	1.2142e-05
10.66	2.0597e-05
10.698	1.208e-05
10.737	1.5267e-05
10.775	4.5615e-05
10.813	1.4862e-05
10.851	9.2119e-05
10.889	0.00029385
10.927	0.00026879
10.965	0.0001048
11.004	4.1626e-05
11.042	1.398e-05
11.08	0.00013189
11.118	0.00018811
11.156	2.8399e-05
11.194	0.00032993
11.232	0.00029198
11.271	7.3836e-05
11.309	0.0010402
11.347	0.00081119
11.385	0.00075522
11.423	0.011776
11.461	0.029182
11.499	0.031805
11.538	0.011036
11.576	0.00044912
11.614	0.0012261
11.652	0.0015456
11.69	0.00010784
11.728	0.00046114
11.766	0.00044853
11.805	3.4696e-05
11.843	0.00034629
11.881	0.00023793
11.919	7.4751e-05
11.957	0.00037955
11.995	0.00051797
12.033	0.00087424
12.072	0.0011102
12.11	0.00039517
12.148	1.2203e-05
12.186	0.00022653
12.224	0.00013926
12.262	1.5346e-05
12.3	0.00011758
12.338	4.0289e-05
12.377	2.29e-05
12.415	9.7548e-05
12.453	2.9751e-05
12.491	2.7767e-05
12.529	0.00010244
12.567	7.5694e-05
12.605	3.9751e-05
12.644	2.5653e-05
12.682	2.3514e-05
12.72	4.0727e-05
12.758	1.3675e-05
12.796	1.2729e-05
12.834	4.7155e-05
12.872	1.8887e-05
12.911	1.2802e-05
12.949	5.4935e-05
12.987	1.8202e-05
13.025	1.8034e-05
13.063	8.4353e-05
13.101	8.642e-05
13.139	3.8782e-05
13.178	1.2856e-05
13.216	6.883e-06
13.254	1.4767e-05
13.292	1.0155e-05
13.33	1.0015e-05
13.368	4.2037e-05
13.406	3.1304e-05
13.445	8.7957e-06
13.483	8.2633e-05
13.521	9.0503e-05
13.559	6.2193e-06
13.597	0.00037918
13.635	0.0012825
13.673	0.0015692
13.712	0.00076386
13.75	0.00011531
13.788	5.7571e-05
13.826	8.0981e-05
13.864	3.1812e-05
13.902	5.3141e-05
13.94	4.3862e-05
13.979	2.5199e-05
14.017	4.2727e-05
14.055	2.5469e-05
14.093	4.9367e-05
14.131	5.5328e-05
14.169	1.1239e-05
14.207	0.00011352
14.246	0.00022076
14.284	0.00011136
14.322	2.7215e-05
14.36	8.8494e-05
14.398	4.2281e-05
14.436	1.6671e-05
14.474	6.5715e-05
14.513	3.3762e-05
14.551	8.0813e-06
14.589	5.7862e-05
14.627	3.4864e-05
14.665	5.1355e-06
14.703	6.1375e-05
14.741	8.2841e-05
14.779	4.6148e-05
14.818	1.281e-05
14.856	7.5713e-06
14.894	2.9148e-05
14.932	1.8731e-05
14.97	6.6395e-06
15.008	4.8264e-05
15.046	3.8836e-05
15.085	7.3766e-06
15.123	6.7278e-05
15.161	5.2654e-05
15.199	5.0499e-06
15.237	0.00015639
15.275	0.00027917
15.313	0.00016325
15.352	3.5165e-05
15.39	3.5984e-06
15.428	2.9371e-05
15.466	5.3802e-05
15.504	9.7648e-06
15.542	4.659e-05
15.58	0.00012303
15.619	1.6748e-05
15.657	0.00011245
15.695	0.00033957
15.733	7.5372e-05
15.771	0.00050106
15.809	0.0035362
15.847	0.0056317
15.886	0.0043509
15.924	0.0013667
15.962	4.657e-05
16	0.00018298
